1 0.0
2 0.0
3 0.0
4 0.0
5 0.0
6 12.173531917257375
7 84.45020661789906
8 314.6070934113084
9 356.05345065790306
10 4.226064986052997
11 103.73719470277636
12 0.0
13 0.046371773388296275
14 0.0
15 0.0
16 0.0
17 0.0
18 0.0
19 0.0
20 0.0
21 0.0
22 0.0
23 0.0
24 0.0
25 0.0
26 0.0
27 0.0
28 0.0
29 0.0
30 0.0
31 0.0
32 0.0
33 0.0
34 168.85013563275422
35 177.53162390522584
36 195.2036986302207
37 31.97320814183951
38 0.0
39 4.107595595753363
40 34.363565996358524
41 0.0
42 390.1232766428659
43 0.0
44 80.83087923990811
45 0.0
46 2.743288091431644
47 45.57194814555325
48 1.8482906743541954
49 253.5519310395281
50 0.0
51 0.0
52 0.0
53 0.0
54 0.0
55 0.0
56 0.0
57 0.0
58 0.0
59 0.0
60 0.0
61 0.0
62 0.0
63 0.0
64 0.0
65 0.0
66 0.0
67 0.0
68 155.36670159812996
69 62.91867123384847
70 228.27587849325192
71 397.5003705849557
72 553.6629557286474
73 649.4251856711713
74 945.7171134296517
75 423.0407967123002
76 591.6086016931756
