VAL 49 GLY 75 0.031140250906269068 0 0.031140250906269068 0 0 0 0 0 0 0 0 0 0 0 0 0 0 0 0 0 0.01428628453371176 0 0 0 0 0 0 0 0 0 0 0 0 0.01685396637255731 0 0 0 0 0 0 0 0 0 0 0 0 0 0 0 0 0 0 0 0 
SER 128 ARG 72 0 3.404142538696028 3.404142538696028 0 0 0 0 0 0 0 0.00882891734922607 0.18174920277654616 0.04422409790332507 0 0 0 0 0 0.01324940255205144 0.010373779828912149 0.055077934754133584 0.03147043019992915 0.26288831221649234 0 0.10446237846870947 0 0.891295325169031 0.02988138721884845 0 0.8860280440376765 0 0.007602871978384465 0.07727642431176818 0 0.030869603332021718 0.1211425673310158 0 0.007204895287701986 0.007356968410882455 0 0.014482760269195594 0 0.19811689281779513 0.007663716715498247 0.22444066895887882 0.04510199262916425 0 0.03135081771649852 0.00926835052184261 0 0.033172879045748255 0.028938096390004997 0.040623820504745486 0 
SER 128 ARG 74 0.08432428492772026 5.398401127790669 0 5.48272541271839 0 0 0 1.6733931538402442 2.6102893000151517 0.9653810977167496 0 0 0 0 0 0 0 0 0 0 0 0 0 0 0 0 0 0 0 0.009452795339858447 0 0 0 0 0 0 0 0 0 0 0 0 0 0 0 0 0 0.21388568382519296 0.010323381981192824 0 0 0 0 0 
SER 128 GLN 40 0.007021549751833197 33.271021787104196 0.024906960763705993 33.25313637609232 0 2.580853800920543 2.5986132133979645 0 0.01999853269349599 0.1398519727721326 2.204786889268138 1.1675182727864741 0.12166601007514802 0 1.7225508380238832 0.022831331022790655 0.36178599000692463 0.0715317668523319 0 0 0.0805659327731512 0 4.148100737366611 0.14826246387734315 1.0993085904740867 0.03254844283024672 0.648630974762007 0.5696549192329167 0.5202389752271566 1.2183194189630646 0.5247964143697541 0.007520906700034152 1.5317060182181572 0 0.14128105610651334 0.021121188913581862 0 0.04054901372132716 1.2851559504042682 4.718962682671752 0.14662732034953072 0.11096441398376732 0 0.017786961743492948 3.3066259548746597 0.339963789598135 0.028837954954550084 0.4522328319054433 0.3851885732630935 0.08994589190251372 0.16481744097671552 0.24754740245300413 0.23879249641932182 0 
LEU 132 GLU 34 1.8809485454947206 0.00886774604644763 0.08358102696513106 1.8062352645760371 0 0 0 0 0 0 0 0.21244505981006512 0 0 0 0.012593466841936471 0.1096092655299305 0 0 0 0 0 0.06050631892198403 0 0 0 0 0 0 0 0 0 0 0 0 0 0 0 0.02274775761826486 0.13700949211063396 0.39951602789376056 0.027310010978746864 0 0 0.2653910495401201 0 0.6196337808031986 0.0130401505175162 0 0 0 0.010013910975010828 0 0 
VAL 80 GLY 75 0.7731615552155153 0 0.7731615552155153 0 0 0 0 0.13574861740247648 0.14662503918226083 0.2680213591716319 0.03981366150957898 0 0.10250605932441503 0 0 0 0 0 0 0 0 0 0 0 0 0 0 0 0 0 0 0 0 0 0 0 0 0 0 0 0 0 0 0 0 0 0 0 0 0 0 0.0678829052445352 0.012563913380616874 0 
GLN 88 VAL 70 20.333124129507883 118.69551635987345 0.36044958760337226 138.66819090177816 0 3.2066887536971573 1.8111296217889667 2.7280996854351 3.274332805550074 3.7082296196050217 2.221320929680167 1.906274878027524 2.575942703636162 2.233526012763975 1.7308123347151982 2.5338242247902927 0.6109051016948126 2.084990132185017 1.999220832740693 2.4369489408978056 2.762512241603696 2.3288125292201944 4.760687509716659 3.722032179986156 3.530972203216807 0.9624355279525681 3.0914707928585132 0.995551233509955 3.0319467742251764 3.1012081841780206 2.547338037197827 3.968203793821955 3.6656945484944674 2.135193658961634 4.441255407251483 3.396632972002305 1.8732799696508236 2.7296560204393225 4.123127087393634 1.4984016884163596 3.7705831644582504 3.5165619805217947 2.6650784689471716 2.5736231841228374 1.2543462260492961 2.1765578156947303 2.568455896481436 3.2736191988065158 6.0883081228798 5.547625263962738 4.005795206113015 3.389313203067541 2.2768972530758047 2.1932165678948894 
MET 50 GLY 75 0.3677528385137549 122.09093324588076 122.45868608439454 0 0 3.353638908054277 3.9609079496898176 1.6519066756108396 1.771795562522094 4.616589980380743 2.7748676792796356 4.354827857446432 1.3357857792909364 2.72392565648074 1.1578106198545282 2.260913169487844 2.982151808584451 1.1316182914715562 4.492323145352903 2.956459127899292 2.1704481692909643 1.5978127246414158 0.25138858272594855 1.5689731914303955 2.8880372846348163 2.6857828519856835 2.69181538356834 1.9041334981907025 0.97684300942778 0.7057869598724741 2.8988247406639207 1.6136557807709893 1.762071306991394 3.0004421920513464 2.125672046727525 3.2767373595635445 3.4300405651616455 2.4559592276604416 3.11631352791634 3.8460146725406967 2.867530467802655 4.8931981266073565 4.3419967159106285 1.685781155810606 1.9932774198843601 2.371077055216477 2.85202242782228 2.792641310359805 1.268215170487083 2.275604767205632 2.9666351494433307 0.7858846630168264 2.9465314796969118 1.926014887908051 
VAL 80 LEU 73 3.015390441432522 0 3.015390441432522 0 0 0.008776764735544522 0.4595177104046938 0.13292826608460906 1.5057538191795277 0.6900193538972159 0.21839452713093133 0 0 0 0 0 0 0 0 0 0 0 0 0 0 0 0 0 0 0 0 0 0 0 0 0 0 0 0 0 0 0 0 0 0 0 0 0 0 0 0 0 0 0 
MET 50 LEU 73 0.1904636749588377 85.96521605927758 23.41426925053106 62.74141048370536 0 0.6024878563039483 2.1490894917114565 1.308086357778749 2.6235031005195664 0.4965804507351449 2.18386968158376 0.5322137616706155 2.572158235276156 0.914888716171738 0.4788146241748317 0.8827152605517816 4.545160992427282 3.4762326770412937 2.3231271362875217 1.476009546682368 2.8720643931858603 2.786623861427116 0.10551589025098478 0.42472070265199735 0.3733979045499468 2.0352715087713964 2.488238883097826 2.2936812352246316 1.2526270556963433 1.1111537557451454 1.7879943623132273 0.16842422670712515 2.481638752622272 1.6248941188130104 0.7440900000678284 1.9803250340078795 2.671391249672829 3.1230189138392848 3.8181513682138593 1.8034653776931964 0.18952212117694928 4.427624930472967 0.02546572795912392 2.0223726270126843 1.6603442378046098 0 2.2128910012071223 2.899230866857796 2.253228467951242 1.406542827759422 1.5374214067271725 1.640723843916733 2.2820859051411166 1.0865992867814847 
VAL 80 GLY 76 0.23707202432100627 0.3052591285670606 0.5423311528880668 0 0 0 0 0 0 0.009173752215137066 0 0.007512458132564844 0.008715107669971493 0 0.00897606247825567 0 0.012037725867718958 0 0 0.05713099612010943 0 0 0 0 0 0 0 0 0 0 0 0 0 0 0 0 0 0 0 0.03111713688926268 0 0 0 0 0 0 0 0 0 0 0 0.21634098370716842 0.19132692980787833 0 
GLU 81 ARG 72 0 2.817866487752967 0 2.817866487752967 0 0 0 2.817866487752967 0 0 0 0 0 0 0 0 0 0 0 0 0 0 0 0 0 0 0 0 0 0 0 0 0 0 0 0 0 0 0 0 0 0 0 0 0 0 0 0 0 0 0 0 0 0 
GLU 48 GLY 75 0.5201100744911019 76.50365872638079 77.02376880087192 0 0 3.193894564046348 0.9653115077420055 0.9742335850198292 1.7109072997809978 1.8843208881255358 3.7915679596561316 2.9789406548366233 0.5604345465761715 0.3423949666688641 3.586928436079394 3.2189060818454274 0.029205363880942345 0.9433934093786267 1.19864438682064 0.270437960305418 2.5693501997988974 2.1703075743725657 1.0153093434635416 1.3486440202516445 0.08956625330944741 0.6055615842002341 0.4180612947676824 1.2948877049547267 1.942103749787376 3.050905014776923 1.4335034190032823 0.39216160207328726 1.92977121077395 1.8079602547179656 0.45185452435033235 1.209175469464965 1.230272767245542 1.7600789592682022 2.565392698429786 1.2024774255602615 2.500500634383608 3.3519736725479636 3.2776970001613623 0.7131424119384697 0.12098586110538179 1.5399807815599598 0.341434982413062 3.0118463641550957 0.30082757382243713 1.6273574932415626 1.5615491614553099 1.8576102194352266 1.497379093281942 1.1846168700369986 
GLU 48 GLY 76 0 124.33615228910975 124.33615228910975 0 0 2.3594084446424137 1.7433055946473126 0.4268744992232145 2.669050210094974 2.6465920547092847 4.222652480837387 2.909771534161168 0.3696622373167563 2.584662828370618 3.2483707798952812 2.1433536025868114 1.5890023353775997 2.227363925903205 3.107202598601647 2.8866227544531755 3.2978726710351967 2.9078590491308227 2.0548919861060595 1.9314417367509242 0.6830882429336256 2.5370653441963555 0.48105605297025766 4.132510359243402 2.6561884142486516 4.97232612248286 3.6757960050756746 1.2724122850971282 2.944981583575217 2.2059943735383944 2.179620445808022 2.2870866364389464 3.0030000260860543 2.716244551456058 3.290779586870763 1.0090160295695885 1.2477935969184302 1.7809966340040737 5.294266997138516 2.1700839482106256 2.3816855585697043 2.224697667119178 1.102784859535773 3.7035322193532707 4.80988350717781 2.7252900047275292 3.9123410162975865 3.1782340617512688 3.3017381123540304 1.1296967225170582 
GLU 81 ARG 74 84.2067340195367 0 16.235276703780716 67.97145731575593 0 0 0 0.02865135607765171 0.06528738026255383 0.5741533156307066 0.022691221116440348 1.718905151948553 1.1613918091287174 5.124086864360062 0.02542703404395268 0.18487484999643577 0.9042217790684393 3.827315660281021 0.2924730129240503 0.038784698727372516 4.499918801267654 3.0443285798331816 0.19432828841295002 2.1303652506305113 4.847765095602909 2.2903323846249997 1.4989452450742058 2.169649581629619 5.126016882921874 2.69642952818873 1.8966350205445384 1.4647174361966437 1.153251236042832 1.7145013849184076 2.5754626607106554 0.6922504601488304 0.3247103127236026 2.68289714041293 2.4582135204139983 0.72048051544621 2.8126095840102208 0.9156355412558849 1.733038629507866 1.1818779953240242 0.2754416860533081 3.753771751869907 3.3697867740580234 2.2854435419218726 2.6498670938869417 3.0558769351921784 0.11823187224162046 0.3779486335763345 0.05429941680739533 3.4734411045198077 
ASP 85 GLN 49 28.249100901502707 50.6869357187644 0 78.9360366202671 0 0.13588597142069753 0.2467682301338432 0.24946237011153455 4.212260538197434 5.47938795312116 4.46165998659789 1.521240017106176 0.14072609292410737 0.2834243854180629 0.29360821786970226 0.17521817823209382 0.8227162838600871 0.6754134651581587 0.8035956939595443 0.12100317696979837 0.11128023590873752 0.3829410305648012 2.309393042736455 5.998915452502104 4.022436234794654 3.2164750245336946 1.4565171136401904 0.0226960858948141 1.0313126631111462 4.449815615617437 5.046827445909099 5.356274177050376 2.909882578900611 0.019236669823782034 0.3069300340176726 0.4674319567649105 3.9169245310004315 0 0.007873264341267132 1.3967526820239524 0 0.05301147900285189 0.01073435746741822 0.00800434588507891 0 0 0.5949051974321813 0.13342117093422826 0.02330218460288181 0.012196689253809883 3.5042001893975354 5.2888317862708565 5.946921811380542 1.3082210084232628 
VAL 121 GLY 75 0.14691273077416628 4.2152914661238015 4.362204196897968 0 0 1.4452081042449771 0.4134657258121987 0.2727721473777886 0.5997011414329783 0.014157397508020357 0.03303636942721941 0.08103014905639618 0 0 0.4714882189956478 0.17393499610579694 0 0 0.012640454791734703 0.012333567628286565 0 0.0069452815238421894 0 0 0.05321447123947399 0 0.010681395324281586 0 0 0 0 0 0.008264337291502749 0 0.05860253481366812 0.07358246590557452 0 0 0 0.010397229972886557 0 0 0 0.05086485099047254 0.009121348213554287 0.019928735803856804 0 0 0.02492662716286224 0 0.01595323703797643 0 0.04415109316643582 0.44580231607053544 
LEU 132 ILE 36 41.692242724821305 36.97674042895333 0 78.66898315377456 0 1.2200252478927676 3.120677388064725 0.8695101223431694 1.8573123648762484 3.484892002650414 0.6690854485221102 2.916273536046921 2.9174029460666495 0.8029643320875356 3.1727061645363346 1.6895829752548628 2.609429845800724 0.7175614263392102 0.7450151339796678 0.955010036344829 1.6640642699169181 1.5492450837828395 3.267739378944307 3.2806662959160113 1.3923775800424238 2.8795956888029086 0.30663979775236055 1.0260132758801268 1.1794170917424214 0.05888735562968751 1.5374473994159648 0.3043360226846477 0.0718608326861179 0.9687478470429931 0.08674007590671154 0 1.3378266694577672 2.2057917457582357 1.5940451997516032 2.4658944411900183 2.9308900776853557 2.1187659888919432 2.635336794914135 0.12862881604147067 3.090683727899875 0.056452231149527875 2.671827375114604 3.3098890235571323 1.4564409984978757 0.06687998437613368 1.3732623018116807 0.5781903728547804 3.262009930518738 0.0649405073511635 
VAL 121 GLY 76 2.3266942712791963 148.8715068501193 151.19820112139845 0 0 3.2864605550542922 2.1679628980409134 6.246000445473466 2.9549813695472507 0.7776318173002886 3.2115027843516626 5.009956674430625 2.8415782601957966 1.9266695130710865 6.9863886804961455 1.5992387512249737 1.8094726039423321 1.9735841571527097 4.286524996476457 5.339595484299501 2.5279795661232023 4.815372634252542 3.691492413449353 1.7159200292973498 5.984219540221756 4.334311306800676 4.425125404056722 2.4152491322558034 3.0865665203104404 0.7885200743889619 2.749869171947556 3.092909498751136 3.2056135003248363 1.451456563008963 3.1405055886977866 2.4696746455427228 2.250239010927275 0.5505939974526256 1.556908412593299 5.4097760038593075 1.9033391040334722 1.8622161693450097 2.7979631354544043 4.332046645216402 3.8483579870750377 3.6125787369218814 3.4209480458240358 2.05090590392962 1.782580038858914 3.3516479841515805 3.5114442296887556 3.4430765868760416 1.6803706978196504 3.5208738508838366 
MET 103 THR 9 0.43764402862512003 59.04569166231354 46.753124198130294 12.73021149280837 0 0 3.409566972388303 0 3.4176003798969705 3.910575163827771 1.567343758305375 4.057768454019816 2.4954985621827515 1.4750848702521095 2.357191892441494 2.3545895122386287 4.649490026051876 0 0 0.09448497273218964 3.5320650730907097 2.527326942336045 0.2908888891407234 3.733722478544967 0.8606755012889007 4.294108423547316 0.44019811221831656 0.9928706878674973 4.327236132640335 2.3765405707408833 0.8772600740836818 3.5883645406761744 0 0 0 0 0 0.165979384980447 0.7835589186224535 0.04725634488166998 0.22447607339449552 0.3426975964954596 0 0 0.1112779364175781 0 0.14121215063117823 0.008998507632918304 0 0 0.027426787369632794 0 0 0 
SER 134 THR 9 7.347791748239106 9.250745891045707 0.11319151917238658 16.485346120112425 0 0.007968852648873306 0 5.502914999829348 8.468689867733639 0.10145320641440878 2.214520768827037 0 0 0 0 0 0 0.02091148566372945 0 0 0 0 0 0 0.22180624605151714 0 0.03527882895834343 0 0 0 0 0 0 0 0 0 0 0 0 0 0 0 0.024993383157916885 0 0 0 0 0 0 0 0 0 0 0 
LEU 132 LEU 69 0 21.639042212749768 0.17339742275776057 21.46564478999201 0 0.8311376869479268 0.7457214420588233 0.5389422624250552 2.1120715082807977 2.826503823628648 1.4905374490101941 0.5431223782668421 1.1215367045678701 1.7634136135708194 0.455767972597381 0.06316102051141435 0.4780376649122095 0.8764999931322209 0.019830829200009687 0.024226326173467816 0.15887360152952382 0.7351052983905384 0.48969108876418815 0.8293072531361287 0.19295673528908308 0.11303522225077356 0.02026293410166146 0.038174194689542924 0.17536023679866983 0.07722774172266661 0.010701039619872326 0.6638923728337692 0 0.013126224088850868 0 0 0.20222613290393165 0.037224626635562925 0.20579821024120104 0.42055266027137833 0.6433757517225508 0.0072361371313869475 0.9787066090048765 0 1.0162943125447337 0.08978676912884472 0.15116645810320817 0.257865871738185 0.11218895068436212 0 0 0.04197473797319715 0.06642036616739432 0 
LEU 132 LEU 71 0.4855264491070697 83.60693926864903 0.39321899368868185 83.69924672406742 0 0.31331862869859395 1.1590494190526255 2.0573431344993725 1.0780400079446752 1.9028542983193648 0.5619819281754725 0.6970294213221878 1.3395498235861782 3.0793108863337624 1.5369969561826224 2.214311893608647 0.5302881380301065 2.6201106088920016 1.341506656403783 3.0596716494096183 2.3689865253517386 0.6295026269079742 0.5130077014620181 1.938272011284178 2.7073606024129755 1.9031653120987198 1.6173093515327086 2.1339507224390157 1.7236112078738823 1.8639823965448767 1.8198855879786495 2.0027774642134126 1.6361046866411657 1.7714548821896419 2.19986302300028 1.3760296706958528 1.9596111361149176 1.6765119463757694 2.8118958110180747 2.208666928338144 2.0558090550355805 1.1840124522177722 2.4493014216447677 0.5608423838927873 0.951286753748752 0.9026612349702767 1.6410719172260093 2.1267293721893403 3.1201816958285824 1.0333603818645392 1.4293465890470314 1.3604485065736556 2.361583592886915 2.562517315697108 
ASN 133 LYS 11 3.4260235126630962 0.008344091521286874 0 3.434367604184383 0 0 0 0.602976227294624 0.6062171933869513 0 0 0 0 0 0 0 0 0 0 0 0 0 0 0 0 0 0 0 0 0 0 0 1.551577711433005 0 0 0 0.4333236661840518 0 0.24027280588575142 0 0 0 0 0 0 0 0 0 0 0 0 0 0 0 
VAL 78 GLY 76 4.110266737121927 13.826213192291439 17.936479929413366 0 0 0.5096185234591042 0 0 0.07945254186663983 1.0456882620558317 0 1.661370269662402 1.4520574553319878 1.1065591742677652 2.4396205978950585 1.4894941629631515 4.602541927195255 0.6992067786044205 0 0 0 0 0 0 0.628948545938606 0 0 0.30014295355095577 0 0 0 0 0 0 0 0 0 0 0 0 0 0 0.11929402005446577 1.3801788008854547 0 0 0 0 0.4223059156822633 0 0 0 0 0 
LEU 132 LEU 73 0 0.5330798283693287 0 0.5330798283693287 0 0 0 0 0 0 0 0 0 0 0 0 0 0 0 0 0 0 0 0 0 0 0 0 0 0 0 0 0.028465880885899672 0.49713835670338397 0.007475590780045109 0 0 0 0 0 0 0 0 0 0 0 0 0 0 0 0 0 0 0 
LYS 96 LEU 8 0 0.12171499034627209 0.12171499034627209 0 0 0 0 0 0 0 0 0.11172647970252819 0 0.00998851064374389 0 0 0 0 0 0 0 0 0 0 0 0 0 0 0 0 0 0 0 0 0 0 0 0 0 0 0 0 0 0 0 0 0 0 0 0 0 0 0 0 
SER 74 GLY 75 0.013800334647975213 74.01117804888031 74.02497838352828 0 0 0 0.009581415532106608 0.05046471602652391 0 2.255781115316278 0.6235329807797306 2.656219468087424 2.64284648508676 1.749853026714262 2.7249272029097984 4.919821807563244 1.2274738029393193 3.0136215709512344 2.29310600898832 0.3713203788765987 2.6815958778767883 0.5020730757513056 0.01793337780626579 0 0.19981575500926269 0.3679160616399963 4.0209369415648375 0.710253645860265 3.847519334561581 0.6989546911531184 2.8441529663321115 0.5643963923802735 1.8248289833866187 0.5167328941799703 1.8711434901894193 1.9063875701264437 0.42179619743865904 0.14937777155402693 2.363838327075134 0.08440504326646686 0.7268321240382323 3.6754367596412147 0.4188104681154067 1.6417347770408437 1.6136243420997918 1.7104658150162635 3.2988610397860314 2.3252040005550914 2.10450116793124 0.30788436799873087 2.995253208942182 0.17313158221286487 2.2021954571899056 0.6984348960363451 
ALA 89 GLY 47 8.586015667630745 5.556448480485157 14.1424641481159 0 0 0 0 0 0 0 0 0 0 0 0 0 0.2636578078353185 0 0 0 0 0 0.02348721911123293 0 0 0 0 0 0.007118421927511723 0.19717528421455385 0 0 0 0 0 0 0.14942950762396706 0 0.6885081279601074 4.937019726641565 0.7520203585355949 5.392409727410951 0 0 0 0.010317196687309568 0 0 0.008453257323962685 0.6505889058968275 0.8187747728342404 0 0.2435038341127586 0 
SER 74 GLY 76 0 53.22628614712429 53.22628614712429 0 0 0 0 0 0 0.007420705200510772 0.0874299778508124 0 0 0.01023944018505294 0.029721690376750428 1.7514640942472197 0 0.7182386666498847 2.006934816807126 1.2583020097767645 3.1970598248739734 1.2082072879589931 0.02028898291151169 0 0.23283312822902302 2.2825526611580953 1.7971442841137217 1.9293972648216458 1.734278252206047 1.4417211845901925 1.8671503164740164 1.840298438941242 1.7647818683067567 2.149054654730632 0.9532708798098665 2.859594937408919 0.31738801759999724 1.1148899201277942 0.883784230644093 0.5076316564800488 0.8570785626597255 1.3639269381785464 2.1256047600240793 1.6219929013679089 1.220608109280839 1.7601054741127993 1.476823944676176 1.8261720264335208 0.9949899406320373 0 1.6870518769996843 1.0218667382984328 3.069334486394678 0.22965119558518304 
VAL 80 ARG 72 2.325859686016084 2.287211197841844 0 4.613070883857928 0 3.859214456528986 0.7422614101503129 0.011595017178629492 0 0 0 0 0 0 0 0 0 0 0 0 0 0 0 0 0 0 0 0 0 0 0 0 0 0 0 0 0 0 0 0 0 0 0 0 0 0 0 0 0 0 0 0 0 0 
GLN 88 LEU 71 0 156.0532340080893 156.04122202939658 0.012011978692722228 0 2.194927821216942 3.232839099070885 1.8163003084013445 3.376228198600812 3.1134739560433524 4.2524401739516335 3.049448925228473 3.4820414768771997 2.318751139164656 3.492048261053254 3.4973687548076224 3.578080286194327 3.67392770593208 3.2461502491767007 2.2228543396400404 2.28877276858705 3.1793097481921717 3.8177189016709776 2.055825331490246 2.3769279409417012 1.6222978078887265 3.129693680727175 2.929793164700532 4.077910197534441 3.4503544300763136 3.0852096585483633 5.165680379237224 3.8106581979315384 3.7888604768966077 3.6259197731676975 3.481982543385111 2.611370277119538 3.963255781993272 4.125319123947071 2.6919661899755445 4.406283227185844 3.679404005374675 3.7657667729136954 2.8771703779683935 2.2937535104704647 2.386573778224658 3.832165749909474 3.726732726328957 1.6842819388709707 2.8872112082834134 3.483373598791632 3.3347449521020787 3.130651887232877 2.7394132050615267 
PHE 129 LEU 71 31.45834497679368 17.102405095341382 0 48.56075007213507 0 2.032493414592719 1.6922289386106348 1.963802439589548 0.04529064717245085 2.1940003925222396 2.2961433480232425 0.7888393758691755 2.78136685820068 0.15593708247504612 1.395409692768833 0.9686547561106414 1.7389091059059356 1.6594566762919096 1.0674083253672988 1.5425089261103644 0.7243554224163979 0.13223300226372883 1.3222129347285436 0.10202882526465984 0.48373417368217425 0.006812895088212343 0 0.011465915821553473 0.1074325422909574 0 0.7088838803860151 0 0.008246925044657696 0 0.009652673898115803 0 0.1650819801471835 1.178752585399807 2.512205318898191 3.364662868142399 3.256554267000183 1.2560927309182346 1.838493877275728 0.9977205695320359 2.7044260366964132 0.4515661463156641 0.2837518183446136 1.806048094975117 0.42967945656732753 0 0.5647940350561532 1.6049520859021096 0.17414404778422543 0.032314982683949126 
PHE 129 THR 9 0 2.700758123066473 0 2.700758123066473 0 0 0 0 0 0 0 0 0 0 0 0 0 0 0 0 0 0 0 0 0 0 0 0 0 0 0 0 0 0.18447775360543553 0 0 1.0398153604875078 0.10651656530732846 1.3699484436662015 0 0 0 0 0 0 0 0 0 0 0 0 0 0 0 
SER 128 PRO 37 3.3024273777224695 14.025194204971157 0.01391986319201023 17.313701719501616 0 0 0 1.1476658842998795 0.7805720015632758 0.016332603489820314 1.2091695643715292 0.08860215301796032 0.07639902473037036 0 1.8293582603284726 0 1.7745552287825959 0.19292861779818232 0 0.29305371260237956 0 0 0.13635960136550485 0 0 0.2665437923187481 0 0.40421419825320265 0.2808130412818141 0 2.048886758445094 2.829661996429961 0.9053096640507109 0.3829000063003024 0.01392618064070004 0 0 0 0 0 0 0.39322759438099353 0 0 0 0 0 0.2601732974846189 0 0 0.726880093746445 1.270088307011061 0 0 
MET 50 ARG 74 0 67.01461154994615 67.01461154994615 0 0 2.439932428253186 2.3845047662647567 1.285890446694664 0.22683501761197106 2.032704054684361 1.355571057481756 2.0629532942964346 3.2336548538474434 2.3968128402911852 1.1163474777157802 0.7002911368736289 1.1200141619408766 0.500619602415431 2.1129425494285243 0.26330029787209225 1.6846761567947044 0 0.4715303453725809 0.6589361704755332 1.5937088341375596 0.697140640130644 1.657267124209424 1.7939875106319885 0.11733191265200199 0.8486868714977155 1.4363113760024988 0.6114658527028773 1.4166063474769388 2.625067391336992 2.1431470359540965 2.922711983380741 0.8952951097207468 2.1593150391186375 2.234197663464279 0.11899817797974668 0 3.213966288403875 0.4551247394505721 1.6072958232461843 0.07031085038420039 0.009495799007069034 1.960225440139558 1.6679780218942097 0.24608073465826222 0.5884281764440306 2.213949442118903 0.7216123418863911 1.8724017670738398 3.0689865965272243 
VAL 80 GLN 40 0.18651414174594963 0.36245608383545513 0.014299854999418377 0.5346703705819864 0 0.3456663517067676 0.016789732128687482 0.1741766817704718 0.012337459975477832 0 0 0 0 0 0 0 0 0 0 0 0 0 0 0 0 0 0 0 0 0 0 0 0 0 0 0 0 0 0 0 0 0 0 0 0 0 0 0 0 0 0 0 0 0 
VAL 80 ARG 74 202.37258393977268 18.543158701937003 7.104236149143718 213.81150649256583 0 1.688739179081963 0.8575528322990341 3.9501730332531517 5.954952094622243 5.076531882390209 4.05138469115612 6.016670593444039 6.607059624197083 5.922045925021036 10.216126041527065 3.278862674800523 9.1576053538124 6.403527180420806 5.098129138889779 1.4788357174419695 5.339035788312308 0.09887001949175844 8.329250769199675 4.304689598369303 4.351870350062664 6.702539390304253 6.116647102732689 6.815333686672877 3.174161531867226 2.6657922965685494 1.7352499765189104 0 2.5676969576459205 6.498743360413087 5.308200848773712 6.562292812359783 8.702517490894186 2.187297454163815 2.8808922437932023 6.339034445239524 2.9431799612459515 4.405194154996595 7.125072377847772 5.474206950446295 5.219992463778121 3.0953819210213815 4.863538455514453 2.9920000751466653 2.3089046175224173 5.634498054342825 0 3.7358670622303762 2.011827250270291 4.667767211605488 
LEU 132 GLY 10 0.007194908495067328 0 0.007194908495067328 0 0 0 0 0 0 0 0 0 0 0 0 0 0 0 0 0 0 0 0 0 0 0 0 0 0 0 0 0 0 0 0 0 0.007194908495067328 0 0 0 0 0 0 0 0 0 0 0 0 0 0 0 0 0 
GLN 88 LEU 73 0 48.70727140234496 11.075869295180759 37.63140210716419 0 0 3.976653162245303 0.12088628744003971 0.04147478675230743 0.24280347368405766 0.13263338076301567 0 1.3719970624807143 1.6851991308622907 0.15668099263138016 2.075279391949321 1.0742473545319309 0.8836135655513383 3.543415723712918 0.41958645983808407 0.4066544293440434 1.3177257716945987 1.8136569139602448 0.8032228024405463 1.2510439276701584 0.006895601102234394 0.15119068029650218 0.08899868212836248 1.0060518999402073 3.4483917289130246 4.5124031692969115 0.05343243179841899 0.6948288570529866 0.12176261027031272 0.21216861312780558 0.6957103846045706 0.051546795024915715 1.3575224404495048 0.602980527989119 0.9564729806433047 0.4861812406200379 0.1979734697499293 1.5972783813839182 1.3149424995229266 2.27477200730873 1.349504531791279 0.9514030379439091 0.22741873064633455 2.1920473537748055 0.05600079158395769 0.007021799103233872 0.8504152018130406 0.47364921687213346 1.4515311200402485 
PHE 129 LEU 73 2.9964185157057033 47.10640884722428 0 50.10282736292998 0 1.110944515420668 0 0.0521083426882657 0 1.2940422374782892 0.19062551643657208 1.1025027472986342 0.4375354762429697 0.5700274973897461 0 0.025326167364414606 0.2838422598467528 0.7964767169207441 0.8422639341537813 2.0703123213059165 1.2259418351382874 3.2879795223018133 0.24024270937994371 0.0936885212800836 1.1085312577944821 2.259353695816887 2.2486688179275234 0.9608142324873254 1.0107428299627401 1.635181505732628 1.3404954003871208 1.4735976519859388 1.8987198241973067 0.3252033342616897 1.3283529590543155 2.218663299395351 2.0524995577720517 0.9786210056555674 0.8015300511297463 0.05585212611959913 0.6149141529051272 0 0.4350859535973134 0.03889426118683366 3.5446169954185374 0.5488360490259419 1.7828720588826195 0.4251523912167101 0.5025927587574142 1.6884501775653182 2.590139657731587 0.05638313261216161 1.946497042311333 0.6077048613919077 
LEU 132 LEU 8 0.008487357691765231 18.393393309574417 0.7317204622433998 17.670160205022793 0 0 0.07758336595865793 0 0.9458610762024493 0.18843071650783397 1.6359071045606504 0.6827583618194991 1.1021677803094452 1.4414305446831013 0.1945165324222676 1.3061112086699644 2.885506748269011 1.3083777507870231 0.735080001696331 0.021146358231707046 0 0 0.08141168159369411 0 0 0 1.20652561162317 0.1055930644000665 0.05532356123556415 0 0.11797917689481827 0 0 0.10787851257392317 0.026030211158026353 0.21709179516623062 0 0 0.007488887661449625 0.0932724075014066 0.5382999643460264 0.16287635311516901 0.21952168466778585 0.18484723124986785 0 0.7232230720042665 0 0.19688845550581924 0.03857547578976806 0 1.36370147732387 0.04885878874076254 0.17555798152323793 0.2060577230733245 
GLN 88 ILE 44 1.0860906637409489 0 0 1.0860906637409489 0 0 0 0 0 0 0 0 0 0 0 0 0 0 0 0 0 0 0 0 0 0 0 0 0 0 0 0 0 0 0 0 0 0 0 0.0822505236426144 0.8108638460321779 0.1675059792311857 0 0.02547031483497092 0 0 0 0 0 0 0 0 0 0 
GLY 77 GLY 76 0.5535201100062158 0 0.5535201100062158 0 0 0 0 0 0 0 0 0 0 0.0074293326500550665 0 0 0.5365424056376693 0.009548371718491457 0 0 0 0 0 0 0 0 0 0 0 0 0 0 0 0 0 0 0 0 0 0 0 0 0 0 0 0 0 0 0 0 0 0 0 0 
THR 125 LEU 71 0.12147599411660434 0 0 0.12147599411660434 0 0 0 0.02837921699663361 0 0 0 0 0.011743941838922793 0 0 0 0 0 0 0 0 0 0 0 0 0 0 0 0 0 0 0 0 0 0 0 0 0 0 0 0.00962009087277093 0.07173274440827701 0 0 0 0 0 0 0 0 0 0 0 0 
VAL 121 ARG 74 4.093431333385178 59.41815126054181 18.449897218194458 45.0616853757325 0 0.04099974848686126 1.8301157120357405 2.979368528134836 1.9282548979442333 1.7732409484501068 1.7364061739336603 2.3610469975698996 0.44856825037018555 0.04557606943666665 2.326776559941611 1.8403674216370491 0.5630655938785101 0.010429907162379546 1.5771280776894712 1.0464943662989867 1.0008730145619602 1.0455425836702545 0.032472402014616306 0.9950589827120987 0.21619720992990368 1.1517700690179706 1.1061741791180013 0.89590899140186 1.9558292548015996 2.2388928046077803 0.8585012731152827 0.9761714850983388 1.3434624930612067 1.052405283569993 2.1049138963913636 2.4889751350552523 0.0456189699444084 0.12715495725224082 1.8517737759029844 0.11691159890693933 1.0276831043978425 0.4132554872782558 0.2165680975600438 1.8050926809141612 1.47478330363652 1.0138270452413167 1.5951218965608922 2.020664655630743 1.577352996113378 0.19305240073684335 1.852838308714145 1.3278180164038749 5.483490277798413 1.397586709836261 
LYS 90 LYS 48 0 0.5684430210412711 0.4571149469429138 0.11132807409835724 0 0 0 0 0 0 0 0 0 0 0 0 0 0 0 0 0 0 0 0 0 0 0 0 0 0 0 0 0 0 0 0 0 0 0 0.4917951093615203 0 0.07664791167975074 0 0 0 0 0 0 0 0 0 0 0 0 
VAL 104 LEU 8 5.731772740103239 65.47954263804756 15.981319271440778 55.22999610671001 0 0.05684054078497756 3.9604297561017088 1.2959691586448339 4.877850874850126 3.858697959044513 5.179709647974232 0.2702767322136923 0.08288728849812496 1.0514177409938918 3.1172201799175485 2.2242572866344386 1.8683436507650182 2.7666746285990302 0.10361780231640831 4.949831464859441 3.5937876859836733 0.5167503026399664 2.4654005030911037 1.2156400595102062 0.8640701795085738 0.6878121073480756 0.6805555184980863 2.67269084683784 1.7241009363066877 0.2608096879366118 0.47544784105956683 1.610726469944526 0.009327515637817458 0.010772934519960366 0 0 0.910373042903172 0.12239207214985391 1.8839208869719137 1.425629093632232 2.0236783274240278 2.1327323541198555 0.6217843007851336 0.7427755294170773 0.8823474071324882 0.09057859016153855 2.14523258742011 2.0723300474985584 0.24138326874264857 2.2453089088501077 0.6830240213500314 0.08852541331858772 0.4473822252527699 0 
THR 125 LEU 73 8.340044081715074 57.82064008707484 20.27513874171495 45.88554542707496 0 0.05732844312633587 0.14336386740082352 1.0319770818251455 0.7349160842295386 1.9742670533457618 1.3868800721128645 4.127337795790517 2.519391095826657 0.13936693049243437 2.118458948020586 0.6034062333275233 1.0284740690936418 0.5400224465988924 0.1030624404503066 1.9749592133495453 0.9116407411514549 0.9743397234324598 0.014956903933346385 0.6402154749355876 1.486063120098905 0.6097279040678654 1.8270447824703018 3.410525289703148 1.2173391837213565 6.040904826270437 1.5891268742925868 1.5673718736508948 1.4306032509359263 1.7920955835648267 1.792440628544789 3.238022746446216 1.0991444495927314 0.9737354629105959 1.2236505993138413 0.879249552230779 0.5965025355096948 0.9927376600069587 0.1941985786655912 0.14696333057885455 1.7953361629659768 1.0955760721885 0.7403858797663933 3.3327475580475165 0.4820866575941345 0.286199694583903 0.5609125441536734 1.559433893941512 1.1786154528271995 1.997577401701349 
THR 125 GLY 75 0 0.6197562237168407 0.6197562237168407 0 0 0.05495587268400291 0.08378890789797902 0 0.03917077261414622 0.00738477410509537 0 0 0.009929647224151269 0.008932056030319312 0 0.0168687083483321 0 0.009429606409486735 0.010532400200041944 0.010836870054773311 0.013165536343810368 0.03097321082388501 0 0 0.01499819868566046 0.007940536697275475 0.010340422665713694 0.015541998989175954 0.01126431015277147 0.01675206898802836 0 0.011784826592570356 0.012896382642274306 0.00962390781581239 0.02113484746083859 0.010915740688665894 0.0097508498700878 0 0 0.008381321209870974 0 0 0 0.04005867058483547 0.009896792727749315 0.007520532985275046 0 0 0.01257515812073978 0.012876396737008583 0.008743598670608777 0.007979225642834686 0.021221635028755254 0.04159043802426457 
MET 103 GLY 10 0 4.218870077557928 4.218870077557928 0 0 0 0.01201806359246759 0 1.4742493226158861 2.323568685537226 0.3422324652435419 0 0 0 0 0 0 0 0 0 0 0 0 0.008556898474742577 0 0 0 0 0.01660384119431967 0 0 0.04164080089974638 0 0 0 0 0 0 0 0 0 0 0 0 0 0 0 0 0 0 0 0 0 0 
MET 92 LEU 8 2.3245922563281116 83.98725205200392 36.16590929996686 50.145935008365164 0 1.7074077060875994 1.3983141931088863 1.6340486701576702 0.03735407221938032 1.2272484579180343 0.7887855077830594 1.2883329614542303 0.3722765213322504 2.3978532461137902 0.027621938863928983 1.8756633080840124 0.015020440104942542 0.4880750395439641 1.1502445125051493 1.7971771189802808 1.9010727558938596 2.534442685246699 1.8871160188012113 5.0961537547762195 0.7348033706942978 4.019915945123697 0.32144331372233015 0.10596665868212587 1.0195218103625463 0.7180811258350714 1.5111073292409458 3.16327706450165 3.975918110178821 1.8893858816409246 3.765232788948901 1.5299836775978966 2.6062208304354995 3.4925253944231627 2.8285502623775267 2.356399824221207 0.33435300486127933 2.1685795313888447 1.6312531476666388 1.6511528712305155 4.627299443108904 1.275601731374786 3.258496565371173 0.7774203322285923 1.353659822969691 2.590764161420626 0.399389763003485 3.1949097596303164 0.5914264933191764 0.7949953837961996 
VAL 78 ARG 74 5.009655935264486 2.5079900300310256 0 7.517645965295514 0 6.6172390254237845 0.9004069398717292 0 0 0 0 0 0 0 0 0 0 0 0 0 0 0 0 0 0 0 0 0 0 0 0 0 0 0 0 0 0 0 0 0 0 0 0 0 0 0 0 0 0 0 0 0 0 0 
ASP 93 ALA 46 0 2.743288091431644 2.743288091431644 0 0 0 0 0 0 0 0 0 0 0 0 0 0 0 0 0 0 0 0 0 0 0 0 0 0 0 0 0 0 0 0 0 0 0 0.014092390657225784 2.424252652721861 0.2512234367962458 0 0 0 0 0 0 0 0 0.05371961125631147 0 0 0 0 
ALA 82 GLY 75 1.1999848727761406 2.48768516418841 3.687670036964551 0 0 0 0 1.1598807008443655 0.38723604074255535 1.2449091298449235 0.6073280406394056 0.2732529439450151 0 0.015063180948285222 0 0 0 0 0 0 0 0 0 0 0 0 0 0 0 0 0 0 0 0 0 0 0 0 0 0 0 0 0 0 0 0 0 0 0 0 0 0 0 0 
ALA 82 LEU 73 91.75642209019298 66.53301211167124 157.05075004676902 1.2386841550953682 0 0.03550125024532827 1.101092092233996 3.4584990857813396 3.6966491805988726 4.946657662813367 2.8805995079664086 1.7769448338743552 4.216158571911256 3.6868744678301106 0 5.184813481752032 2.8562454654394998 4.2624064953812715 4.023026066549774 3.6733322275123377 4.922248520050883 2.85473663572229 3.4792279928272736 3.390445672975478 2.3955609687890154 2.447003317119149 3.0772425422185554 2.7744310943022827 3.6982829566549626 2.9076658310316192 3.245576866673002 2.5152060044450417 3.547220027104943 2.519865673880296 2.7805349929813232 3.10090909420915 4.169734209785184 3.2594580845296623 3.578440636831515 4.023277611714905 4.196770534633861 5.188603095708069 3.9492991245135523 4.034174036939455 4.283424743278169 1.3857330773923886 3.0554645274232204 3.491521922041436 3.3502314957647257 2.809339259572231 3.1994014557060426 3.5358383774061046 2.9301556987797737 2.3936077289688473 
GLN 131 PRO 37 0.029074564716849154 14.579321111059606 0.5053243739585287 14.103071301817927 0 0 0 0 0 0.01035416808809244 0.007575523895020059 0 0 0 0 0 0 0.027935125809061604 0 0 0.1301445727892951 0 0.00807891714229268 0.07596756208482117 0.8321208414452442 1.3195320700296622 0.19147515719679936 0.38518616422891144 0.6025227810127147 4.651962574753725 1.0509282301515142 1.6860093776651257 0.5050593581504027 1.1949580404524727 0 0 0 0 0 0.021561468176459035 0.19288230839214165 0.017272350927211688 0 0 0.4195084518616241 0 0 0 0 0 0.3823975423520532 0.8821008066544861 0.012862282517328813 0 
ALA 89 VAL 70 24.493063044618644 3.3192244717165775 0 27.81228751633522 0 0 0.3226270994598553 0.04488009127263641 0 1.948420610631523 1.0365073903263538 1.5513929281779348 1.0970807181274636 0.8284817347257021 0 0.08740600859811196 0.008049527905009898 0.8348189681135171 0.007408773217738225 0.38807017096145735 0.5051095074336066 0.12989386176729328 0.848148903090789 2.210276704186055 1.9829654670973582 0.6908331622326145 1.2920778887201625 0.4948089897650375 0.0820542626424177 0.0383038773616299 0.2760576975528688 1.1281273460590702 0.8171564343983253 0.3957002761080409 1.8556885997232782 0.7834699585921738 0.00680414070738135 0.15778480155121877 0.3342844414086208 0.013363815308680712 0 0 0.6336220730690293 0.009172842066026235 0.06397468626637028 0.9046272662430723 0.47632796951424083 0.2465405924258568 0.8627893913394817 0.47301484366107027 0.21221253175638727 0.3249024841908805 0.9417027357325872 0.4653459428462867 
HSD 109 GLY 75 0 68.07461407656051 68.07461407656051 0 0 1.0510407555842138 2.3988513776717717 0.45334326971714745 1.4079670014304522 0.351943120630657 0.6900037462332841 0.2107049267691742 0.3645083112436836 0.3379300966945002 0.1321383701558579 1.9106893755203225 0.9056133735406238 1.2220744835339221 2.3050818329495035 2.3288143276544218 1.1524886442910383 1.0405421189685102 1.2436038557872524 1.3362980422608475 1.1014430076087998 3.481542433648672 1.5834036380364225 1.216964910396998 1.3082197673523208 1.7181112476400395 1.9409661988209845 0.9298510631510498 0.9900704329326852 1.5306608106356974 2.1617643204571513 0.8759108254823096 1.2175742052496568 1.6895802392816286 1.2710945262900144 1.9741963520844017 1.011149005107401 1.643637228379721 4.177180583717376 0.483985596215447 2.0196072563666743 1.4970615831413354 1.4302893082865338 1.0709566654616287 1.7718206918036645 2.3808500569267554 0.7463076915423836 1.4562831544247812 2.045124236949118 0.5053700085316668 
ASP 122 GLY 75 0.1904031772224258 21.7348051353777 21.925208312600127 0 0 2.294188896757324 2.9749823402026223 0.20739069638612884 0.7489173202598454 0.30282171000619845 0.14879298941873714 0.036555792128770456 0.6491370036194806 0.1792580254075341 0.12174192764574658 0.38852424029488336 1.3113184031719296 0.4072639522181465 0.3036215902686696 0.48279299182204644 0.18057814121539223 0.35048014452956006 0.1682462273070739 0.44265066662078845 1.0307194702769298 0.6491176762043493 0.6526612551198276 0.12040349495258433 0.15516349593602657 0.17019238139433632 0.49589115939416645 0.12328102574187191 0.2278956184439759 0.27380715883076256 0.8802831946930297 0.07182684261817499 0.026770518615601622 0.22741400940403816 0.10902339536651921 0.8405818972734362 0.14169159468446285 0.07280242704173143 0.6187315198922647 0.18837965009107166 0.9421503416041508 0.4715800789067064 0.337645349742648 0.046003485856763573 0.3722153298852253 0.2666989979511784 0.028334218977638683 0.2269351871059343 0.29976088871978945 0.15798358859405745 
LEU 95 LEU 8 0 24.183724999544996 6.364812847729438 17.81891215181556 0 0 0 0 0 0 0 0 0 0 0 0 0 0 0 0 0.036659209249399645 0.6189237813101163 1.1413732909243302 1.85578218739996 0.08215781246609326 2.2778914771958636 0 1.4306516132196696 0.7905174914383639 1.0076316316734353 0.010282903362384223 2.1487203311182537 1.2824411208381719 0.7570262944140472 0.9591498651267691 0.5584883764245828 0.2826352006381279 0.05736543310623684 0.6297089122975341 0.40057142050788785 0 0.9841012592081853 0.03079822931413782 0.3451686417832098 0.3363672344850291 0.9117609054545325 1.0607447279388147 0.1883118068487901 0.8301426644806013 1.0039872771953589 0.4064947287930717 1.3018823508345623 0.2618745533274319 0.19411226717004645 
SER 74 ARG 74 0 0.020902511380117395 0.020902511380117395 0 0 0 0 0 0 0 0 0 0.011860142907290469 0 0 0 0 0 0 0 0 0 0 0 0 0 0.009042368472826927 0 0 0 0 0 0 0 0 0 0 0 0 0 0 0 0 0 0 0 0 0 0 0 0 0 0 0 
GLN 131 GLY 35 4.365130714335557 170.20271982597515 174.56785054031067 0 0 0 3.9153630092149543 0.06980467232178295 0.3521581852440046 3.8970298098618334 6.528675275224391 3.2719791953607174 2.232410326710687 3.3984902727327793 2.4807560613344783 3.0713086487757515 4.128130298131443 6.618332361416488 4.329115658539388 2.515818949143876 4.711834541624748 5.208034297425966 5.635326598605751 1.1944691659786149 2.690053909827816 5.16653028035648 3.7619384472516204 4.239473220484224 5.635571950311839 0 3.1840480793761734 6.895189087679503 4.878784690772813 4.0703424422326595 3.8392212474070684 0.9346438347878548 1.390071860882558 3.8063771176588497 6.150545057584065 3.4307660430623392 4.400331998674293 3.489040023657652 1.9253029779614481 0.6940112190926436 4.077562956597842 0.7937193058770071 5.530557313774068 2.294593585718751 5.549151238930243 1.3906134248898034 4.911083780750377 6.975950828881173 5.821073427297802 3.082263860884081 
HSD 109 GLY 76 0 0.12551239908703773 0.12551239908703773 0 0 0 0.009161321251162159 0.013541324138597453 0 0 0 0 0 0 0 0 0 0 0 0 0.0211026371035616 0 0.012485595269965517 0 0 0 0 0 0 0 0 0 0 0 0 0 0.024735578468527183 0 0 0.012295000320548078 0 0.007008728330082522 0 0 0 0 0.01703090938181818 0.008151304822775035 0 0 0 0 0 0 
ASP 122 GLY 76 2.941290847187954 96.11578074269585 99.05707158988382 0 0 3.4985262742640293 6.199865566416133 2.616652182907379 1.8940358635382841 2.5072701642476627 1.0783293317715725 3.036787250222722 4.556228743811504 1.871234263104572 1.124540210582445 1.6343766215876725 2.5602607202116343 1.1981039251979577 1.5042428175840068 2.0605402466125295 3.0027466178397857 1.5148023278441078 3.0745253788231977 1.9072570407678255 2.1382288850428255 1.8603663601021903 1.687756211469795 1.7697120461731113 2.057586339849031 1.6182785220776665 1.11062617178137 1.6590513282329273 1.349055819392601 1.9852960783420273 1.9843108821997966 0.5795113789069042 2.285834423195356 1.1171595773241079 1.6920984011228315 2.32406032689947 1.6956255070582376 1.9131025308291667 0.8369189664142604 2.289070234821126 2.3452988010346667 2.32220441324145 2.6930141712074884 2.426713209357413 1.0171918880468276 1.387013394345642 0.819769310003654 1.2463409185498817 1.954119719483104 2.051430226043867 
LYS 96 HSD 68 0.02655295445004113 52.51262814568993 0 52.53918110013997 0 0 0 0 0.03972258011718534 0.25731183319752093 0.4955413086901548 0 0 2.277693452597406 0 0 0 0 0 0 4.590245576669389 0 0 0 0 5.066453549819067 0.7721940590320938 3.5892555264382686 7.648739711856893 0 1.7662506101685853 3.5555820566104823 4.638932635291951 3.55305501007034 0 0 0 0 0 1.1344754025799098 6.319498261939688 0.5406898086748873 0 0 3.2429031396982126 0 1.6720151857139904 0 0 0.11523121896949651 1.263390172004441 0 0 0 
GLN 88 ARG 72 0 30.009362276184703 29.79750820553893 0.21185407064577363 0 0.01815814296200245 1.582774099494995 0.08577678341814662 0.639514447811967 1.1061943019086629 1.0328202777254347 0.43795869126425 0.7800857370849876 0.014463311794535277 0.33894999493225486 1.779544180619339 0.6390304273646847 1.5262359204562095 0.9963475477616311 0.3369936674278009 0.3731753417338517 0.18855414944714327 0.7742861991870673 0.11245136837606659 0.12638251889139385 0.022455561349565053 0.27889270431943936 0.05355263077111222 1.6264066313398384 0.3438964679075389 0.17505363163066126 0.05986024564474003 1.3526118898856576 0.08681677796580481 0.15318370784298213 1.0257037196363048 0.10371807547487924 1.024410774946419 0.18094862920945748 0.09852040956207996 1.8437656004922887 1.3096887401354942 1.0468040571842476 0.559515492113406 0.044745108136830525 0.363611078807221 0.5627192618557716 1.2657016292935703 0.29247910104077013 0.04020912150743632 0.2291135588050109 1.0219340166649633 0.7203205172338734 1.2330260257649013 
LYS 96 LYS 6 0 0.8796491516137893 0 0.8796491516137893 0 0 0 0 0 0 0 0 0 0 0 0 0 0 0 0 0 0 0 0.022734174339875596 0.10498925352941721 0 0.012003323571673927 0 0 0 0 0 0 0 0 0 0 0 0 0.6478744614091377 0 0.09204793876368478 0 0 0 0 0 0 0 0 0 0 0 0 
GLU 130 LYS 11 0.010674393548292636 0 0 0.010674393548292636 0 0 0 0.010674393548292636 0 0 0 0 0 0 0 0 0 0 0 0 0 0 0 0 0 0 0 0 0 0 0 0 0 0 0 0 0 0 0 0 0 0 0 0 0 0 0 0 0 0 0 0 0 0 
ASN 133 THR 7 0.3868233292534734 6.209156723972862 1.056223013679944 5.5397570395463935 0 0 0.5128862691785898 3.642464915983045 1.7638096562659162 0.12319132696475142 0.5281112221020001 0 0 0 0 0 0 0 0 0 0 0 0 0.025516662732034588 0 0 0 0 0 0 0 0 0 0 0 0 0 0 0 0 0 0 0 0 0 0 0 0 0 0 0 0 0 0 
TRP 107 GLY 75 0 0.45788697272748147 0.45788697272748147 0 0 0 0.013288984963988216 0 0 0 0 0 0 0 0 0 0 0 0 0 0 0.01322912587847323 0 0 0.0074082472455479845 0.13093616696314164 0 0 0 0 0 0 0 0.028720549709864287 0 0 0 0.06364749700806849 0 0.15849628386786804 0.014459175395991331 0 0.027700941694538267 0 0 0 0 0 0 0 0 0 0 0 
TRP 107 LEU 73 0 3.8805008418353673 0 3.8805008418353673 0 0.8120292990572102 0.17170862892170202 0 0 0 0 0.042158950669465595 0 0.040413383092707075 0 0 0 0 0 0 0 0 0 0 0 0 0 0 0 0 0 0 0 0 0 0 0 0 0 0.93796956872083 0.5899600992880077 1.2409455811956693 0 0 0 0 0 0.04531533088977579 0 0 0 0 0 0 
LYS 90 GLN 49 0 0.08600658336381851 0 0.08600658336381851 0 0 0 0 0 0 0 0 0 0.07026075870659333 0 0 0 0.015745824657225176 0 0 0 0 0 0 0 0 0 0 0 0 0 0 0 0 0 0 0 0 0 0 0 0 0 0 0 0 0 0 0 0 0 0 0 0 
ASN 133 LEU 71 0 0.007951681811269899 0 0.007951681811269899 0 0 0 0 0 0.007951681811269899 0 0 0 0 0 0 0 0 0 0 0 0 0 0 0 0 0 0 0 0 0 0 0 0 0 0 0 0 0 0 0 0 0 0 0 0 0 0 0 0 0 0 0 0 
ASN 133 THR 9 13.120612591788412 139.4581525621209 7.6399156706685005 144.93884948324086 0 2.8554227434780532 1.9235629126875406 6.15046757660833 5.586001300609039 6.228301616212607 4.761488927374779 0.1665940587917076 0.5109910975884565 1.0481929886914823 1.7640740794245715 1.7458993823524422 1.819425048833279 2.40926227907608 4.628147648006956 4.38558040252888 0.4768222622660757 3.2042549264958717 1.3544410170228078 3.3738599966364586 3.0851299897353712 0.23439041545235978 1.987468162834237 1.0421443102540193 2.8262395642593634 1.930600411350381 1.740518495500295 3.872445751581968 3.3021200361775893 5.1925737283927695 3.767940696727157 2.4217220839471274 5.820934341411473 3.718096075173298 7.046587074437671 3.471031534191387 3.5200759702115025 3.2972108497805857 4.502052218810899 3.4403450656390224 2.4095602714258595 3.1064254962162354 1.9301691074705996 2.8792881452655763 4.347463945869943 4.24809622473632 3.774351094084007 2.608807672501256 4.344563507753755 2.3176226480318607 
THR 125 ARG 72 0 0.18804159202772366 0.18804159202772366 0 0 0 0.010974172588204299 0 0.010606351220872057 0 0 0 0.009701386950799704 0 0.1276958544493519 0 0 0 0 0 0 0 0 0 0 0 0 0 0 0 0.00959676744772824 0 0 0 0 0 0 0 0 0.011540577578450324 0 0 0 0 0.007926481792317142 0 0 0 0 0 0 0 0 0 
ASP 85 ARG 42 0.16697867683148324 381.34144106580965 0.2965475897220695 381.21187215291906 0 11.243723101977926 9.493592035383767 8.165159735022904 2.901826214515793 7.35204802734782 9.073811413887263 11.267899594335216 10.42568869914314 10.387506337181351 9.463623671210867 8.550654144389869 11.104071077458702 11.119821967717087 12.001055026477559 9.410668171472324 12.309502961218758 8.965774851697416 6.475762687892875 0.23331100521507667 1.1856593808776377 5.329988328528693 9.289029521845425 2.1003594917364268 5.461464026557461 6.09394578542592 5.348082092223335 8.364997901263587 4.434308145448318 2.000676791471408 8.855593196436022 11.277114210359873 8.81662993195016 11.238440984837581 5.793015523407327 9.993094752399193 7.750078590145551 8.04827155785724 12.24825237345035 8.446026221853632 3.2084155746154126 8.671931322803422 10.045967120238037 11.175594142514893 12.0634135383748 10.930917094232875 2.5535013887099463 6.4855133009716335 3.8588844988058604 0.49375222975367505 
LEU 132 LYS 6 0 0.10828399610278229 0.10828399610278229 0 0 0 0 0 0 0 0.10828399610278229 0 0 0 0 0 0 0 0 0 0 0 0 0 0 0 0 0 0 0 0 0 0 0 0 0 0 0 0 0 0 0 0 0 0 0 0 0 0 0 0 0 0 0 
ALA 82 ARG 72 0.3382164366755302 42.25632209361323 12.111187842719035 30.483350687569708 0 0 0 0 0 0 0 0 0.45084799230459266 2.3679912815028685 0.039430906851096126 0.7437758495205723 1.288323413256924 0.094172883619222 0.15123445986408235 0.43146456935916 0.9192800913487411 0.008022597137345934 0.020419433498001335 0.7817918281809794 1.3324183171246395 1.1667004813797779 1.1529381246557946 1.3144858843692804 0.32216769245427423 1.6858924910918913 0.6040702450800759 0.30591503496956335 0.6278232507809558 1.6472791660887998 1.8347407418560477 0.05773047166303619 2.087169485218557 1.317890758369408 1.6838508077071679 1.3398997982889276 0.9161972939628212 1.6743254007024122 1.8651722378364162 2.4191811735054443 0.23479189577117296 0.020306913298019466 1.8683798532974227 0.44151834006434737 1.109963513539081 3.6546055717134047 0.6150494177740823 0.18856073774921162 0.8874964948173378 0.9212616287157871 
LEU 52 LEU 8 0 25.464029631782722 0 25.464029631782722 0 0 0 0.09817135848622034 0.6040491940149827 0.42828687194570686 0 0 0.0678430893207818 0.4182391794600626 0.3527187572010696 0.13605415915483313 0 0.4603006206077208 0.04224613234451641 0.745723494019202 0.32790939101884287 0.9011700986700946 0.3309660956182378 0.8720509777537133 0.7314617591090784 0.12270188177536727 1.2374186218454923 0.3345530673080769 0.9287011820692147 0.3497520882992146 0.8666879119692782 0.09130476884193105 0.6324693802403432 0.7988593703639413 0.3505702043588347 0.2934996948068458 0.7440415378889054 0.5768526123365455 1.3990663735629922 1.13879981507732 1.3945875274828015 1.0186028105178442 0.07468638732750035 0.5749672048698858 0.1199445665061608 1.0382600078185984 0.6200701108052463 0.2667917194511539 0.7915514158810267 0.27865371431564423 1.7289562465277917 0.8166206976609782 0.3286167411579455 0.029250791990769215 
ASP 85 VAL 70 22.971993986045867 9.226834069748753 0 32.19882805579462 0 0.030249131300773068 0.2028678217333727 0.17675233196363552 0 1.2062513505044141 2.814221558980629 0.6369386529831325 0.19039565826558863 1.0125048218089523 0.010650048673571595 0.01668966414899939 0.02352866152513926 0.034566988347281946 0 0.14514198679074347 1.2223938815363329 0.30224434117011134 0.1157835420931484 1.1514856384454273 1.8943399016838576 1.7015975285202163 2.971337563646371 3.033069012419765 0.011717490255705296 0.006889187544056151 0.7300182685225904 2.1589778306949943 0.7585172350234481 2.6641107442378886 1.3198755240235904 0.42302023731799554 0.44057194742993666 0.05929683239685776 0.0455449799804932 0 0 0 2.1494167779643814 0 0.8258755089794607 0.6291583259786583 0.5701107930920776 0.06476683555402213 0.03334584603638334 0.11687108403851978 0.011761608998590757 0.010749989910228661 0.13805763906216223 0.13716328221112253 
THR 125 ARG 74 3.9205651518476596 303.58941335570626 255.1388644047485 52.371114102805464 0 5.366917562734623 6.776198844846269 5.824687604145326 9.21894742689739 5.952819412025224 6.624126803397946 6.130782483332731 6.79666023740738 5.9519993600074566 4.38805453925923 6.192323173329207 6.706766716119573 5.066193721966175 5.879583215020927 8.158674313943667 6.784948905661513 6.780631549982025 1.9839482188494695 6.31192391520631 7.558410312598836 7.871677799208624 7.867903581743045 6.67446064958837 7.29862252260637 8.778657968529958 6.050924328636487 6.999863674550175 7.130778463535727 6.6474091934658235 7.280218721576555 7.2386761066766265 4.019550453501335 6.935825803669172 4.725791498959403 5.68445887958344 5.066742573242444 0.6575799138311819 4.403759122549976 6.601295032736869 7.234329605754112 6.5604469860808114 3.0698758429297297 5.876463533218029 7.97695854271216 6.941666379983919 6.404589365647917 5.075671052215091 7.653286027744843 8.327896566344606 
ALA 89 HSD 68 0.07325017037939016 0 0 0.07325017037939016 0 0 0 0 0 0 0 0 0 0 0 0 0 0 0.012705906702340525 0 0 0 0 0.015145536666763021 0 0 0.010379606841256092 0 0 0 0 0 0 0 0 0 0 0 0 0 0 0 0 0 0 0 0 0 0 0 0 0 0.03501912016903052 0 
LYS 127 PRO 37 0.037190883369439154 0 0 0.037190883369439154 0 0 0 0 0 0 0 0 0 0 0 0 0 0 0 0 0 0 0 0 0 0 0 0 0 0 0.037190883369439154 0 0 0 0 0 0 0 0 0 0 0 0 0 0 0 0 0 0 0 0 0 0 0 
ALA 82 GLN 40 0 0.5365524339210993 0 0.5365524339210993 0 0 0 0 0 0 0 0 0 0 0 0 0 0.0502512404235692 0 0.4716758306472979 0 0 0 0 0 0 0 0 0 0 0 0 0.006759767696745521 0 0 0 0.007865595153486706 0 0 0 0 0 0 0 0 0 0 0 0 0 0 0 0 0 
ALA 82 ARG 74 59.009450488035405 42.41316536790248 12.41666130536913 89.00595455056866 0 0.03015729816076731 0.45005538554189756 0.03097975215836165 0.014621892618750174 0.7995298064411729 0.04742400552752255 0.31481278160134446 0.5923401267171288 0.9626497415230739 0 1.2881468835779744 0.2243566778593717 1.3918364777084078 4.368178421729733 2.710200088700525 3.3678438048910855 2.0461579522037914 1.5118619431935532 3.1599008285221792 4.348718254810419 3.748276404098077 2.613806329420702 4.011565210306671 0.7037091428862606 3.9448410457347554 2.467746545279739 3.485055319048388 3.1378855509163786 3.276405156814556 3.1954748021795494 3.462342912103062 1.6677877481156513 2.575072717089734 1.543434824947012 1.308273383366494 1.3905135142269285 2.157657877752149 3.9766493198230117 1.319706434437101 0.672846503088607 6.138095513715711 1.8671763797177836 2.6536272342813607 0.18013724681927373 5.111682588501947 0.633994756927071 2.764081587524568 1.7644288170432705 1.990568866285007 
LEU 52 LEU 73 0.02386455816054369 19.186970367515425 0 19.210834925675968 0 1.3965104809012348 0.07466494055568346 0.00826166062124352 0 0.7207415334777127 0.12472262179232833 0.4238292018297625 0.6745655589260274 1.042758705511143 0.551157581324399 1.1456834430834784 1.129145554175198 0.8415119502687908 0.4218029516713508 1.205867937811551 0.35956627317346157 0.4783083919953426 0.5249338291604748 0.039473207628291984 0.008994915224705557 0.08400328921758592 0 0 0.007517917497929476 0.20950758488226812 0.03196614474798936 0 0.4502274237083385 0 0 0.3175499462839442 0.2523670408235893 0.6306941880312861 0.08776032923898157 0.2531271767130003 1.0470414410644522 0 0.7099031096264418 0.3880526213175774 0.6523772449138537 0.8104643302132349 0.08671269421669528 0.5965807322992555 0.6691115397600246 0.149020610477285 0.03573475073227112 0.31607957222808175 0.22059460797725097 0.031939890572452445 
MET 91 LEU 8 0.676615359557406 21.236354817804617 0 21.91297017736202 0 0 0 0 0 0 0 0 0 0 0 0 0 0 0 0 0 0 0.1200314196535066 0.3667863674315228 1.3621695202051787 1.183131054127128 0.7720204785313899 0.9279828916197441 0.3490476814178094 0.04505600580930373 0.5939097182981344 1.4143938224269803 1.9937804404345194 0.09070393902416188 1.1348436761580583 1.4078066864735788 0.7946178448229311 0 0.21964840432583665 0.05422131983036478 0.3146101339336774 0.06511677654279031 0.5528900731951009 0 1.4054623065843859 0.9560287914707075 1.5042950055816993 0 0.5112465659378879 0.5803786434730673 0.4932786938435688 0.7835394325187245 1.3920144955994265 0.5239579880908262 
ASP 122 ARG 74 0.05598319134423803 0.20529504393516443 0.2612782352794024 0 0 0 0 0 0 0.01991144034333527 0.016142698110274637 0 0 0 0.010193656712667767 0 0.0076597831396894075 0 0 0.006858816128921588 0 0 0 0 0 0 0 0 0 0.08820834194289284 0.07548313536922488 0 0 0 0 0 0 0 0 0 0 0 0 0 0 0 0 0 0 0 0 0 0.03682036353239608 0 
ASN 124 ARG 74 9.436413662312123 20.64168969711689 0 30.07810335942902 0 0 2.8585249543688125 5.701048004147264 7.366858717399356 6.247227000354254 0 0 0 0 0 0 0 0 0 0 0 0 0 0 0 0 0 0 0.0157450592250548 0 0 0 0 0 0 0 0 0 0 0 0.053049306076990585 0 0 3.7621680776322592 0.14649675435568457 0 0 0.3806549218233729 1.2582938629684506 0 1.8609441305898693 0 0.2833794813175489 0.14371308917009576 
MET 92 LYS 6 0 11.017930936354183 9.62913846828116 1.3887924680730213 0 0 0 0 0 0 0 0 0 0 0 0 0 0 0 0 0 0 0.8172368912270014 2.776542389491263 0.46261532013252643 0.11799860215843817 0.3372926948271147 0.5258504513434248 0.008935602446262118 0 0.04455480738959432 0 0.7314719467251816 0.06135373026938757 0.019886424050641314 0.006850327551592818 0 0 1.3018410179434174 0.7142662016778574 0 0 0.04380356595051472 0 0.059236579093817805 0.1407819257600024 0.7391523398367148 0.010996734649431971 0.42609967806383153 0 0.8173453136262777 0.853818392139888 0 0 
ASP 93 GLY 47 0.11955702025402841 16.466048951045327 16.585605971299355 0 0 0 0 0 0 0.1062415747931467 0 0.01285250844618394 0 0.049269577941969254 0 0 0.30641143637702356 0.007117983819340413 0 0 0 0.14502239609459627 0 0.08497059064788896 0 0.035459167625783446 0 0 0.13406365979861043 0 0 0 0.012908133698842436 0 0 0 0 0 0.7423110784806032 5.839085506570674 4.124631111520214 0.8143139241227999 0 1.1360283207932382 0.09044184766657519 0.007657789926410815 0 0 0.24524189004240168 2.6737053810781535 0 0 0.017872091854895026 0 
GLN 131 LYS 11 5.396266075495178 0 0 5.396266075495178 0 0 0 2.443414217829404 0.2989558642865008 0 0 0 0 0 0 0 0 0 0 0 0 0 0 0 0 0 0 0 0 0 0 0 0.340989286398568 0 0 0.016915151145247827 1.9771388813420268 0 0.3079848110169509 0 0 0 0 0.010867863476479476 0 0 0 0 0 0 0 0 0 0 
MET 103 LEU 8 0.7905695159314081 5.99733324519965 6.787902761131058 0 0 0.04271073230230775 0.20128903492557504 0 1.8860537646866475 1.381966848279663 0.6032535929590023 0 0 0 0 0 0.046165919506639126 0 0 0 0 0 0 0.46939140170211663 0.015466014030952619 1.015871398565381 0 0.1323993219116596 0.03524573719475047 0.9580889950663629 0 0 0 0 0 0 0 0 0 0 0 0 0 0 0 0 0 0 0 0 0 0 0 0 
ALA 89 ILE 44 14.973868225861047 53.77624472111215 0 68.75011294697316 0 0 0.8270020886900462 0.588683759683782 0.09142222069056333 1.0930978860859168 1.2525308969196864 0.6117335334908619 0.25216548040951686 1.623054137531915 1.4125869160337203 0.3652668498682525 0.8317705266451808 1.1745469515023805 1.5634900129528666 1.2179233333651747 2.4377922055876278 2.168386401534282 1.308724644199852 1.0045768694551476 0.7283101588195164 2.322676475223118 1.81065062301425 1.1226229738853581 1.9344310131037252 0.302346438206221 0.7011603545533488 1.6089970191911296 1.813236686707719 1.146293375052744 1.499263763214759 2.0172972145727877 0.5394125469842548 0.5353741928009229 0.855005679035042 2.6823558870983075 2.6278315624422652 0.7265347309238435 1.2193284255688726 2.0419972187353803 1.1267079146287349 1.0440432542958655 3.1464798401870744 0.9108337849639876 4.010788497066639 5.389610755513204 1.7884300724083062 0.3767729553586754 2.053355212964969 0.8432096058053955 
ASP 84 VAL 70 0.03873059708519028 0 0 0.03873059708519028 0 0 0 0 0 0 0 0 0 0 0 0 0 0 0 0 0 0 0 0 0 0 0 0 0 0 0 0.01887166467343144 0 0 0.01985893241175884 0 0 0 0 0 0 0 0 0 0 0 0 0 0 0 0 0 0 0 
SER 79 GLY 75 22.784508878404576 8.676457460819806 31.460966339224367 0 0 0 0 6.3202065474251885 5.341198248742605 2.9204450891313285 3.29296392154579 2.9915302369950822 4.763079160105499 0.526785203196172 2.6251435553255145 0 2.679614376757198 0 0 0 0 0 0 0 0 0 0 0 0 0 0 0 0 0 0 0 0 0 0 0 0 0 0 0 0 0 0 0 0 0 0 0 0 0 
SER 79 LEU 73 0.013134472824541313 0.010048170060893497 0.023182642885434812 0 0 0.013134472824541313 0 0 0.010048170060893497 0 0 0 0 0 0 0 0 0 0 0 0 0 0 0 0 0 0 0 0 0 0 0 0 0 0 0 0 0 0 0 0 0 0 0 0 0 0 0 0 0 0 0 0 0 
SER 79 GLY 76 75.86085034502355 15.702439582032929 91.56328992705649 0 0 0 0 1.5661443803625785 5.188989964390502 5.280630690248243 5.264002994734312 5.3952873394345735 2.576259427570845 6.067055804927602 3.879415173096551 0.4950151769296782 6.896253694971867 3.1507843443493986 1.9822533317745252 0.008087729784292228 0.043763662521353296 2.18773531471171 0 1.1705399646694696 1.572151977655052 1.611309168854737 3.7081023538076123 1.4735020254660653 3.146274766724772 1.9202329948272248 0.7861141769699264 2.137809261137118 0 1.429235394928324 1.6076057446573528 0 2.406146860088981 0 0 2.631232110664385 1.2149220804374463 1.7780246207211683 1.8366880161290746 2.195149149801077 1.5723667455491617 0.9322531808721425 1.8372220664087948 0.6893457399903365 1.828155946031784 0.06880008820735106 0 0 0 2.0284264626490813 
MET 92 VAL 70 0 20.696612577801893 1.1359824491920734 19.56063012860982 0 0.07945938312485419 0.1283105121404361 0.036427612942362464 0.009514811610377882 0 0 0 0 0 0.017224323947404353 0.7921290549062698 0.20348507315396894 0.5635013293811942 0.23750777902378387 0.022199342923818283 0.9064045133409016 0 0.008218484218999119 0 0.37641075986147443 0.30786565702147467 0.1105861476977941 0 0.0880156205040544 0.9288856565700137 0.46705075633673193 0.016728326607119176 1.8036471035867665 0.7539804395216037 1.1042258917281105 0.8467707959166578 0.5405023242310094 1.114518083612658 0 1.5353380037672126 0.31212375980488355 0.6510465821784248 0.8507562817354658 0.5918165813614928 0.0932195681779138 0.752166715418883 0.08189972456398618 1.021838992798445 0.6674075952405687 0.6893903042652956 0.6492517822407557 0.010318316586640069 0.7201109562391392 0.6063576295129425 
TRP 107 ARG 74 0 10.5414310050715 10.5414310050715 0 0 1.1856644612165657 0.09957715797334674 0 0 0 0 0 0 0 0 0 0 0 0.08583872871781262 0.13534371829060832 0.1196682390742703 0.007545987617589377 0 0.009219809497018398 0 0.39497704023056013 0.060710213494318876 0.06835898758623342 0.03536979400370148 0.010194017556426993 0.8226798023536468 0 0.0993280862363484 0.5498059010016434 0.09944163428057619 0 0 0.6749936552429253 0.6925573335574776 0.8550761389297831 0.9661097455607699 0.10267247424574036 2.2335075984197057 0.09131160085848022 0.08649573832078912 0.37793954106777317 0.016630793463524612 0.01296585764656292 0.007726890654972962 0.40562055957270066 0.016183626052917437 0.03558043950216511 0.1823354328445464 0 
VAL 83 LEU 71 0.04490103930112284 0.016362186119710652 0.06126322542083349 0 0 0 0 0 0 0 0 0 0 0 0 0 0 0 0 0 0 0 0 0 0 0 0 0.009238842061338261 0 0 0 0 0 0 0.011879633881485928 0 0.007123344058372389 0 0 0 0 0 0 0 0 0 0 0 0 0.03302140541963691 0 0 0 0 
SER 110 GLY 75 0.021196076648706583 0 0.021196076648706583 0 0 0 0 0 0 0 0 0 0 0 0 0 0 0 0 0 0.007219320271728158 0 0 0 0 0 0 0 0 0 0 0 0 0 0 0 0 0 0 0 0 0 0.013976756376978424 0 0 0 0 0 0 0 0 0 0 0 
VAL 83 GLY 75 0 0.2787423238017068 0.2787423238017068 0 0 0 0 0 0 0 0 0 0 0 0 0 0 0 0 0 0 0 0 0.08902144112653938 0 0 0.052395248618270836 0 0 0 0 0.010499529153298834 0.009858691574329488 0.01569580947603003 0.016661476893727472 0 0 0 0 0 0 0 0 0 0 0 0 0 0.0098223123216958 0.009428960603194815 0.06535885403462016 0 0 0 
SER 119 GLY 76 0.009521015121071078 40.666049621349124 40.67557063647019 0 0 2.3711020193924006 0.6361051490304452 0 0.12045871226575369 2.6094114423356563 0.6603902723660687 1.2861196512927788 2.6397154608805797 1.0770342291759154 1.9485362736949101 0.6465910127765855 0.5450024115490717 0.20536554426000853 0.31539044470612637 0.6948794283273062 1.0873643743961243 0.42002562139715516 1.793560412096452 0.7958453781169377 0.974133300225007 0.6270211629064582 0.4430819390139331 0.3217570187967349 0.6371858058741015 0.17398919024391887 0.19511554746160417 0.1584765613125996 0.4703420816714399 0.5879411761361822 1.486872679062839 0.07518408262140824 0.5500419325474372 0.02237567349895931 0.5704844357432365 1.5904316461841779 0.904069638104572 1.1257971069608583 0.04366466990041392 1.288341747030221 1.0977886436869804 1.0430928556234664 1.1665152213702132 1.0139739123662788 0.14612385043600334 0.3696457868524503 0.611720642884402 0.08370126574984268 1.4139593689306986 1.6298438552134662 
VAL 83 LEU 73 76.60030179945102 92.24410211749064 156.83633166194784 12.008072254994063 0 2.6828687383062957 2.5942362608596192 0.08673114942259223 1.6031888427382177 0.02887144172163324 0.1031180538222085 0 0.07910608577565262 2.1476852650126625 1.4192855954636843 4.994897294755024 1.9155066243442256 3.8163966749273324 5.550233400361441 1.9958832851572577 4.288674476709249 4.686052319387262 5.406562951906503 5.461408711079175 4.319946347245071 3.0110061697571364 2.3936959796501656 3.8352956097512645 3.5737373942409114 6.327607372223685 3.1406826338161697 3.8939751141751278 3.9551672640978457 3.9813560598538635 4.43862978135232 4.249816421457938 2.723534931223462 4.034212709956475 2.889533626818877 1.9720845581161266 5.688739169561754 5.333930245614973 3.2491398464733297 7.507774492587581 4.914990512410519 5.284971195197694 3.1127082733517497 3.875745308254858 3.2103785434880554 3.811983082011986 4.084847165977502 3.94847663093228 3.5038571590205736 3.7158731465723256 
GLN 88 LEU 8 2.4478934314605265 7.052118240767544 0 9.50001167222807 0 0 0 0 0 0 0 0 0 0 0 0 0 0 0 0 0 0.04676658375286672 0 0 0 0 0 0 0 1.2207470378083936 0 0 0.4929818422944107 1.0402528992525726 0.010817081179951496 0.7303848877672697 3.561001393695191 2.0222185087131095 0.3594910585861858 0 0 0 0 0 0 0 0 0 0 0 0.015350379178117768 0 0 0 
PHE 129 LEU 8 0 13.036641462881281 0 13.036641462881281 0 0 2.017270600289356 0 0.45572324617809823 0.020957372435502997 0.3167406900570691 0.332677789226392 0.009835538402104835 1.1991173824818002 0.4634231724560676 0.3208099084753767 0.2892650268649698 0 0.16879366689439718 0.021195750173981478 0.2208557880677587 0 0 0 0 0 1.728055682094071 0.5852147268516902 0 0 1.5512664184197897 0 0 0 0 0 0 0 0 0.6782590075231604 0.6730264533827572 0.05708483388074966 0.025572211464504523 0 0 0.07700528948360036 0.02491060896194627 0.3635337669607306 0 0 1.4230785992154176 0 0.01296793263998918 0 
VAL 86 GLN 49 47.99166029983073 86.38327591305277 0.015340256248092201 134.3595959566355 0 2.7607144524321203 0.047599540507007036 1.3445385685758642 2.256702216239774 6.056842552312499 4.019385896134955 1.4754721615758828 1.0798602932426102 4.6181637053537585 2.1269366081050314 2.446594669252736 6.361279919429996 5.3429974899039685 7.290054593824342 2.297124853749896 8.025700912568068 5.150214960580855 1.595342161732391 3.031879522997187 0.7017066415361775 1.1590580073520067 2.625032749003315 2.2239371413332 0.01953091894895367 0.9517443343197667 2.927941108905684 1.404342020562955 1.621551039441158 1.4700501490126165 2.6864587861243256 1.947165944238982 4.3730776051268325 1.5582850200512304 1.775654936760958 5.158395485321415 2.958108066013821 2.8207620164968277 2.869947897715809 1.4123837727041302 2.5500901861545695 2.588341639852166 4.8813117932301475 2.545714396656921 1.6592831558014807 2.064199998790813 3.429350809848664 1.7717622603206233 1.9293845298099352 0.9629587229290963 
LYS 90 GLY 47 1.4823919755539563 13.154417411171154 14.636809386725114 0 0 0 0 0 0 0 0 0 0 0.10396382195663645 0 0.022337216124049705 0 1.1013510759126681 0.11464420539500342 0 0 0 0 0 0 0 0 0 0 0 0 0 0 0 0 0 0 0 0 5.688582642955532 0.010521622184261498 3.8914398019019845 1.1120297545535225 0 0 0 0 0 0 0.015874888868053987 0 0 2.5760643568734003 0 
SER 128 ILE 36 5.136538705654997 0.5174839993909164 0.008156414500334157 5.645866290545579 0 0.010184327278780105 0.014039686176675071 0.3024719941982779 0.4828027886887985 0 0.43292222275821307 0.029691315328461122 1.1979845571697072 0 0.7788512441251532 0.7290777354614932 0.7416922702944027 0.010509466571284235 0.15708521724226723 0 0 0 0.02146532646463963 0 0 0.01094620860695281 0 0 0 0 0 0 0 0 0 0 0.020666513097582065 0.024772285246897046 0.013918554229729027 0.11942985222744432 0.011584474801927638 0.29379400861366567 0 0.007006289581378276 0.04915175541486388 0.060066267422074514 0 0.04314003943677453 0.0309111438515157 0 0 0 0.010360937568268216 0.049496223188687447 
LEU 132 THR 7 13.56639981891024 43.208292945322896 2.0870024173941877 54.68769034683895 0 1.1092055642940353 2.5971546774109253 4.169403513998938 6.679301414719333 2.694882356426623 3.4929780876613545 2.279820461768428 1.4326525664303698 2.0697522163364743 0.11603388953998259 0.4621246911992617 0.12075080398526537 0.277680183129606 0.049741522008224286 1.3399338953701907 1.1585807519068079 1.0699292590570342 1.041468843323341 1.2484081542588321 0.44507185479237155 0.6000915635435665 0.29977410711984664 0.716616346381661 0.05651279575555851 1.1556742883108482 1.7851671648802072 0 0.6607732740966055 0.08856590131614714 0.47606753128124096 0.7960489548950851 4.513799565378716 1.4505168683843026 3.4631860653147366 0.6616168509799114 0.20750010548787662 0 1.1144205229248194 0.5514037389219211 0.4211969660409315 0.043842128552204186 0.04195035316795827 0.6621207735975785 0.44093102589291006 1.629133010534105 0.08199314770031293 0.7755375081028995 0.1786099063938889 0.0467675916599133 
ASP 21 LYS 11 0 72.30767401803598 0 72.30767401803598 0 6.005512030800014 6.345350168383034 0 0 4.996317565035842 6.205107642715403 6.0596655875791114 0 4.347153992978866 5.6830688061555374 4.470820109607289 6.221330927350547 0 0 0 4.495445848581365 3.1941821255018565 0 0 0 0 0 0 0 0.02207913291945385 0 4.915741064783851 0 0 0 0 0 0 0 0.08353592964889295 4.345378073658134 0 0 0 0 0 0 0 0 0 0 0 4.916985012336761 0 
MET 91 VAL 70 0 1.5392686066285792 0 1.5392686066285792 0 0 0 0 0 0 0 0 0 0 0 0 0 0 0 0 0 0 0 0 0 0 0 0 0 0 0 0 0 0 0 0 0 0 0 0.5313911675710318 0.42480703502002015 0.5830704040375272 0 0 0 0 0 0 0 0 0 0 0 0 
LEU 132 ILE 13 0 0.046371773388296275 0 0.046371773388296275 0 0 0 0 0 0 0.012864068666217482 0.022015492365644786 0.011492212356434009 0 0 0 0 0 0 0 0 0 0 0 0 0 0 0 0 0 0 0 0 0 0 0 0 0 0 0 0 0 0 0 0 0 0 0 0 0 0 0 0 0 
ARG 135 THR 9 0.35699535569436763 1.60675080297529 0 1.9637461586696576 0 0.6583086789976285 0 0.11957381650205214 0.21427286214694385 0.7734950717962822 0.023148677045371647 0 0 0 0 0 0.02351238628443125 0 0 0 0 0 0 0 0 0 0 0 0 0 0 0 0 0 0 0 0 0 0 0 0 0 0 0 0 0 0 0.15143466589694823 0 0 0 0 0 0 
ALA 89 LYS 48 0 1.2798476533129242 1.2798476533129242 0 0 0 0 0 0 0 0 0 0 0 0 0 0 0 0 0 0 0 0 0 0 0 0 0 0 0 0 0 0 0 0 0 0 0 0.03323045202274433 0.8436448122485294 0.0146706838459423 0.36052089719834723 0 0 0 0 0 0 0 0 0 0 0.02778080799736084 0 
ASP 85 ILE 44 2.2305638530741336 0.5280526930933963 0 2.7586165461675303 0 0 0 0 0 0 0.007476015351011759 0 0 0 0 0 0.008143501825841712 0 0.0384858263168835 0.018818764186265702 0.01738784823592383 0.11752750290979355 0.010236685997610094 0 0.011104421127351136 0.031495220139997664 0.18037343121629676 0.45123969796434915 0 0.03594623966105742 0 0.13481258607829744 0.06028078504674226 0.031267155467974386 0.2664447835283936 0.10208604289224457 0.01676145733397686 0.012813153678290046 0.007133992124513562 0 0 0 0.1959451529801175 0 0.023073103678569285 0 0.1445567463726334 0 0.358777700980221 0.09939348475645587 0.008617975580816553 0.33128242223326365 0.021749474847719517 0.015385373654918533 
LEU 132 THR 9 41.63292793596719 21.820963461907997 0.138234876716226 63.31565652115894 0 0 0 0 0.07101941382260309 0.11153054086746517 0.02246094731033708 0 0 0 0 0.017772222537773462 0 1.5716236116793016 2.0264623957913757 0 0 0.007278547715789277 0 0 0.03567072610669929 0 0.01972693158468881 0 0 0 0 0 5.572013365177088 4.947818545649777 5.969270384721394 3.5778240502436485 4.191835305280392 1.0832807632750787 1.6021229631665275 0.9670593502999317 0 0 4.292672189713711 2.6959676464715985 0.9394418638403285 2.4140438853989146 0 0.06545183568246989 5.565575404511243 5.153565004637146 3.239752578233894 2.128692651714916 1.2724921776389053 3.8914660948021655 
SER 128 LEU 71 66.87328898745264 34.40503603504765 0 101.27832502250031 0 2.926070555572314 2.078786065330502 1.547456465999475 1.5836924356044753 1.6222874009341233 3.105149162740627 0.9318102849099941 1.8623164918077102 1.6934984078746347 0.565865145391012 1.8170878206643244 0.37976291369190374 0.8441579312614917 3.8857708520273375 2.2653761185239056 2.58024399959516 2.0014974334828173 3.656654908014031 2.5639616859740646 1.6183948277864857 0.7175322970210677 1.7110006035061907 1.3435413447530464 1.216515815203922 0.9899263583793398 2.965620852797485 0.9996321838732417 1.922039453812188 2.5045482072491234 1.7181398088899358 1.2222269332564462 1.7974106146488615 3.339143044484479 2.2847395149942304 2.319305388689646 3.7665608854316184 2.9194443802726004 1.1770394026136466 5.003234912286986 4.167634306974286 3.3306269909711075 2.529513443568161 1.075579485922316 1.5802890134708834 1.6584246511533245 1.1405655676501743 2.9374819047772998 1.829095632032501 1.5816711166297748 
VAL 80 ASP 39 0.009827484637357236 4.0977681111160065 3.368812453782304 0.7387831419710597 0 4.072582678811525 0.03501291694183852 0 0 0 0 0 0 0 0 0 0 0 0 0 0 0 0 0 0 0 0 0 0 0 0 0 0 0 0 0 0 0 0 0 0 0 0 0 0 0 0 0 0 0 0 0 0 0 
MET 71 LEU 8 0 0.12324083181044981 0 0.12324083181044981 0 0 0 0 0 0 0 0 0 0 0 0 0 0 0 0 0 0 0 0 0 0 0 0 0 0 0 0 0 0 0 0 0 0 0.12324083181044981 0 0 0 0 0 0 0 0 0 0 0 0 0 0 0 
SER 128 LEU 73 0.49761506704252173 6.207222527841595 0 6.7048375948841175 0 0 0 0 0 0 0 0 0 0 0 0 0 0 0 0.02861538756607208 0.1170981525244565 0.3936943403759658 0 0.02550226065005849 0.012393597767035799 0.026042741842479893 0.6186521462889899 0.7882512333024301 0 0.5531148967665658 0 0.870972538283568 0.15418356917166037 1.2073650712175548 0.6037803305685759 0.05073498136840643 0.011025190211538654 0 0 0 0 0 0 0 0 0 0 0.016666086859570193 0 0.8375466725243365 0.15974190377012087 0.2102401900563286 0.019216303768402325 0 
GLN 131 GLU 34 66.57247574068798 94.86183708021873 142.92838324711815 18.505929573788436 0 0.012860859828120056 7.020652694997034 5.982097296214457 4.827652258229184 4.493161983618537 5.985715910634313 4.201541628628836 4.057690663338114 5.818139243876949 5.209910030944663 6.211524626771199 7.000567893381824 5.1594257418591845 5.068025145793411 5.008253269308513 1.6723428066200112 3.8908813588435978 5.52848462672403 0.7729779422963355 0.07307536512010573 0.4150315767696956 0.46362750780618633 0.7244323169239577 0.5675776515974823 0 0.07410515343743548 0.6403749791516795 1.4525462582379685 0.6612439912334809 2.7456874002164415 2.933680889305463 6.7343510118715475 2.4893334939509564 6.578244315106686 1.3403667058585582 2.486950467664478 3.0360476539961 2.503735630631749 4.12826558817777 2.638611992806474 1.200076313630393 4.767988604533984 3.665370555304554 5.190301438411972 4.004875662156043 1.0543885166893732 3.2035600947241596 5.139016993784429 2.599538709899274 
MET 92 THR 7 0 20.444481913607422 20.444481913607422 0 0 0 0 0 0 0 0 0 0 0 0 0 0 0 0 0 0 0.10208103123966708 1.4622107629063728 2.33859329491767 0.08354585415802247 0.17309268419061605 0.8129863700426797 1.7376643237189393 0.7076762140785589 0 0.9857010805955668 0.08326401155130962 1.5667917770105528 0.1286617624981683 0.7111726386213251 0.01121907304301162 0 0.08326867501876029 2.0237345554713917 1.6524645778120615 0.023255408287027463 0.13205467225263953 0.9921830655302953 0.01473669133126761 0.020469758990582714 1.0831472038230632 1.4990136699213827 0.4223211736406608 0.34413277340286064 0.007835418731312384 0.18678013315608574 1.0544232576655785 0 0 
MET 92 LEU 69 0 38.65382232479356 38.65382232479356 0 0 0 0 0 0 0 0 0 0 0 0 0 0 0 0 0 0.3609108371815504 0.04443829015087229 2.1584432957086013 1.5994367894339918 3.3099096305288427 1.7232842222342506 1.1077888138645497 0 1.0884182577060395 0.5251890133483337 1.2629848761126308 0.6090203026808709 2.251350795919176 3.3805815544152784 3.0859022413870623 0.19381003690313447 0 0.050027551432820144 0.007435101542991677 1.658480933753448 0.7462048377100191 1.3368989993908296 0.7422722579308243 0.7361306377067517 0.7427682793494877 2.300248463752087 1.2530932300954825 1.1731569657824668 1.6281483040623115 1.2918419673136823 0.6707520625718202 0.05562600245429127 0.0652066765543651 1.4940610958146827 
MET 92 HSD 68 5.514446495032252 86.9818653619855 3.3059002915171503 89.19041156550058 0 0 0 0 0 0 0 0 0 0 0 1.1517078259357711 2.7703433799945194 2.184209617500289 3.8050288150252594 1.3900697843352274 0.08246064305219589 4.50093897965816 0.947656646685431 8.04369671010899 2.886088217122342 0.25398181642161805 5.1926686966771785 2.860920254444499 0.6210748170062546 2.1406986390981797 0.8674458519850385 0.689489552070224 2.2828660952572335 1.1692721615826023 1.529016234228528 1.7371031322164923 1.2574079968545848 0.839660781665772 3.884584011527348 1.1897952708667612 4.327682386345997 4.091912217353407 0.1462782241990131 0.13241816808706708 0.7287296033435278 0.5267205482395831 1.655750842557454 0.1649151948341818 1.7270100372841461 8.014629289889728 7.34187085175813 0.1638755704028932 7.835994480435211 1.3603385109669481 
LEU 132 LYS 11 17.759253906119532 0 0 17.759253906119532 0 0 0 3.1285004533840746 2.2825780232546835 0 0 0 0 0 0 0 0 0.006819302699010587 0 0 0 0 0 0 0 0 0 0 0 0 0 0 3.553373486789207 0 0 0 4.384784884500795 0.07984974420014646 3.9952059036536856 0.03580538793837951 0 0 0 0.01252540159796133 0.021071509287671826 0.25873980881392167 0 0 0 0 0 0 0 0 
VAL 104 THR 9 35.39167156826139 15.03889438540092 3.324468331623372 47.106097622038924 0 0.0977373891818286 0.9055852653423235 0.680962249217867 1.262844393370661 0.7958412470054443 1.0614435802064677 2.8414501823736003 1.5518849509717911 1.8151495581084847 1.8648251596308814 0.9221891685890719 0.6785329980738977 0 0 1.4240762381538632 1.5233743640680542 2.0928468094676016 1.4597721793500735 4.273932253769685 0.2072758472705365 0.19376533549507852 0 0.5104198888934801 2.542599638474668 2.389819588064779 1.1572027729733756 2.725570768500733 0.9042262211334732 0.24512530876713612 0 0.04364945326664223 3.39883418595557 0.9523554563132065 0.5704324413064075 2.3367988737307734 1.288605125076179 1.4113616638142925 0 0.01599903946046773 0.040762521959196635 0.04331350207337609 1.7295292970352976 0.05693415551910401 0 0.3073122586432744 0.4430464668497571 0.7047961006530101 0.9583820555508944 0 
SER 79 ARG 74 23.562950456219085 2.3384539574415912 7.340748897673848 18.56065551598684 0 4.363042330428634 1.640307091334488 2.4472901339383593 1.0456576974138458 1.3334016335644059 0.14747472831327904 1.6393368188599104 0.5729680708236065 0.11869570370092385 0.6406681725850175 0 1.937053335803393 0.03836232409968659 0 0 0.4907652522364559 0 0 0 0 0.04193563371438885 0 0.07181044411604141 0 0 0 0 0 0 0 0 5.101808729137664 0.1368528861485262 4.091180230485537 0 0 0 0.02772184278923758 0 0 0 0 0 0.01507135416728323 0 0 0 0 0 
GLU 81 GLY 75 9.220982624346892 0 9.220982624346892 0 0 0 0 0.019761736084971185 0 3.0206027309207277 0.028002536338388777 1.9361258801209624 1.1800262194765772 1.4842411066974288 0 0.014068097285351841 0.24054786051089105 0.15285472663253472 0 0.008792958112199966 0 0 0.0108588968439109 0.013339819463970103 0.011793798414047419 0 0.00982644067939558 0.04140683858522824 0.02306284131897621 0.023467541403173118 0.024694014269535054 0 0.022640940999539737 0 0.20941638798859724 0.008331711535773362 0 0 0 0.06033253265261381 0.03890032210152808 0.04786761557844475 0 0.023810854762160518 0.05426437297155014 0.015607761445444788 0.02498449546815449 0.22976888538788084 0.030852005975127092 0 0 0 0 0.21073069432180547 
GLU 81 LEU 73 8.239779044515535 0 8.239779044515535 0 0 0 0 1.304876032255463 2.246275879744391 0.8495907848777435 0.5857604650150698 0.06825564443492226 0.40708952421278066 0.2718234193448311 0.007306180243308125 0.020226804276290745 0.3444337613574824 0.05259975103320972 0 0 0.019265253893789674 0 0 0.02747892148887661 0.037211897166455975 0.013064505917784252 0.006774815441342852 0.5685233927904485 0.031817671029477815 0.007589015125269983 0.021757998612128373 0 0 0.00986781885867372 0.03207847617177695 0 0 0 0 0.31262588057223994 0.1626737061434841 0.06490317085765279 0.4568973799774205 0.024271850957161945 0.038482914964519145 0.013371896776095139 0.03591997516083613 0 0.11105061342198816 0.042682179470049535 0 0.010047363749487542 0 0.0331840991730828 
GLN 131 ILE 36 57.81141575631401 52.53277012177982 23.466689427860647 86.87749645023314 0 1.527478626190048 1.1957746965690823 1.5215218590244486 1.578115719228467 2.1437256699660474 4.186613972443323 0.5918628789099809 3.8631621596057797 1.147061038057426 3.169985794729978 1.7182644686110993 2.9618815132369356 2.8991777969372645 0.9695884287747936 2.8143172698113097 0.4566226054434149 2.8447896902910896 5.350832917471969 4.5933726156289385 1.5150973607506533 1.5681903433644302 2.648031976661389 0.20882958071116936 0.96942322014107 0.9247673566235216 0.9323430265520071 3.7185884953659145 3.744132882142094 4.373782504782274 1.5603971146835383 1.2333347877754954 1.733606836543032 0.6263035855702119 1.5960976455272906 3.9917176056197166 5.5975693057686975 1.7006077850637598 1.501286114859762 0.5016753752905976 6.92457689113039 1.976307090082437 1.5640296383679606 1.0213934568676455 2.5914639130932704 0.349445041304786 0.6391281655700648 1.9157832416240135 5.193655067791218 1.9884707475339867 
VAL 83 ARG 72 1.0717038811883652 0.3820154309449533 0.4616983085314314 0.9920210036018872 0 0.3097136242337194 0 0 0 0 0 0 0 0 0 0 0 0 0.020473744563286163 0 0.09543848841683548 0.0863171453806098 0 0.025932545141101118 0.018284809719987003 0.015423523815195 0 0.01780229657943263 0.012383096489365813 0.07362130401304628 0 0.018754861285329577 0.11137058063004113 0 0.05132777319621691 0 0.09126270611481978 0.0191590506993892 0 0 0.028953978965143186 0.010930886820267912 0.10201700332314231 0.052892491536376054 0 0.01944424245081658 0.010732661295237804 0.08330634744379618 0 0.12388102008348524 0.006905567734967313 0 0.04738956220171066 0 
SER 120 ARG 74 0 0 0 0 0 0 0 0 0 0 0 0 0 0 0 0 0 0 0 0 0 0 0 0 0 0 0 0 0 0 0 0 0 0 0 0 0 0 0 0 0 0 0 0 0 0 0 0 0 0 0 0 0 0 
PHE 69 LEU 8 0 0.5033077687701504 0 0.5033077687701504 0 0 0 0 0 0 0 0 0 0 0 0 0 0 0 0 0 0 0 0.3740889189932204 0 0 0 0 0 0 0 0 0 0 0 0 0 0 0 0 0 0 0 0 0 0 0 0 0 0.12921884977692996 0 0 0 0 
GLU 81 GLY 76 0.00696362396629047 0 0.00696362396629047 0 0 0 0 0 0 0.00696362396629047 0 0 0 0 0 0 0 0 0 0 0 0 0 0 0 0 0 0 0 0 0 0 0 0 0 0 0 0 0 0 0 0 0 0 0 0 0 0 0 0 0 0 0 0 
GLY 51 LEU 73 3.9775196316166856 0 0 3.9775196316166856 0 0.430725594777321 0.5131169193039209 0 0 0 0 0 0 0.08779594088414194 0 0 0 0 0 0 0 0 0 0 0 0 0 0 0 0 0 0 0 0 0 0 0 0 0 0.4730796707908186 0.09811090993458932 2.3746905959258937 0 0 0 0 0 0 0 0 0 0 0 0 
MET 92 ILE 44 0 6.57540263032041 0 6.57540263032041 0 0 0 0 0 0 0 0 0 0 0 0 0 0 0 0 0 0 0 0 0.03865874275580378 0 0 0 0 1.3698662269437687 0 0 0.20332567485230535 0.03957820131971866 0 0.8853713002603066 0.8120975296557025 0.09381680042190738 0 0.35206702028133874 2.077296928691646 0.6712199337714768 0 0.021477710544155426 0 0 0 0 0 0 0 0 0 0.010626560822279406 
VAL 83 ARG 74 0.6924069109932797 0.0791484855301351 0.7436473726834469 0.027908023839967953 0 0 0 0 0 0 0 0 0 0 0 0.007485981946515369 0 0.010821878292090047 0 0 0.018863677056891605 0.0351893105555558 0 0.09098937126126191 0.009810145984867602 0 0.00827466126416296 0 0 0.16592349286531238 0 0.007513862609467057 0.015543494703277887 0.03403911864992968 0.10757219448108325 0.08521717163793932 0 0.00950713020472202 0 0 0 0 0 0.016994388482097715 0.023602476924760966 0.054918459378865976 0 0.028004401762872826 0 0 0.01495672188588626 0.019051371921922945 0 0.00727608465393126 
GLN 131 LEU 71 0 0.15615581657096703 0 0.15615581657096703 0 0 0 0 0 0 0 0 0 0 0 0 0 0 0 0 0 0 0 0 0 0 0 0 0 0.15615581657096703 0 0 0 0 0 0 0 0 0 0 0 0 0 0 0 0 0 0 0 0 0 0 0 0 
SER 134 LYS 11 0.9550906355118586 3.8738680698811745 0 4.828958705393034 0 0 0 0.882232066124703 2.0045516303810382 0 0 0 0.014473553819960313 0.06933370627574277 0 0 0 0 0 0 0 0 1.6416916351693194 0.00718969901166244 0.09031195569751056 0 0 0 0 0 0 0 0.11147129603008829 0 0 0 0 0 0.007703162883008733 0 0 0 0 0 0 0 0 0 0 0 0 0 0 0 
ASP 85 ARG 72 0 457.49316756217837 0.027553133472429416 457.465614428706 0 9.290948708553788 9.58123635589915 9.320081304079546 9.24946160771122 9.568974483499103 9.570568395272597 9.57589700328462 9.587754695391014 8.433808888251969 7.194888400047176 9.396517817755774 7.324233982773729 8.990647869744457 9.94872799584778 8.767154777055824 10.549012934410507 10.02794981713296 8.089184536754574 10.291374415642698 10.320294042440457 9.367253270192547 8.949599561194091 10.084845369528084 9.091859541289603 9.670944612165373 9.262255629866953 9.121456064361897 10.889251713493037 10.029167979326557 9.865240275836213 9.608879711478062 9.819164467604518 8.602202398679937 9.277028657038025 9.076076161681929 9.598217372240796 7.751556241661589 9.051342171077003 9.229802117276007 9.760262134561849 8.18706543692787 9.262908616901507 9.605795333334372 8.729996774511747 10.21714208746968 8.973060215686694 9.591930359155526 9.14624472358652 10.59390053250141 
ASP 93 HSD 68 0.4192681301272804 6.655926193264212 0 7.075194323391494 0 0 0 0 0 0 0 0 0 1.4334783083665672 0 0 0 0.012887189572363131 0.008324937865194648 0.012552619463397861 0 0 0 2.6784158201266965 0 0 1.3013335065358185 0 0 0 0.02049357382352926 0 0 0.1291544746771986 0.14392297799532197 0 0 0 0.1442319085108387 0.09289264113115553 0 0 0 0 0 0 0 0.07837832998280908 0 0.012024208183464344 0.3752332606580672 0.6318705664990715 0 0 
ALA 89 GLN 49 0.30622129823136585 33.78783618827292 2.106327576799241 31.98772990970504 0 0.8386613538371432 0.6142939774262987 0.8205102929995873 1.154875381470133 1.1144420849647525 1.0281876920100455 1.665464418226101 0.9710501675238961 1.0342721110307864 2.6606190277382216 1.896623936306828 1.0407619099854521 1.1003857357491755 1.7889526837459893 0.7967117778633858 1.0751746567425609 1.1301445261120149 0 0.5344718128260478 0.161063571935375 0 0 0 0.8826471761399433 0.24874076533030995 0 0 0 0 0.7226484103702099 0.0072121810193102745 1.13189784008643 0 0 2.0656877342373208 2.7357752421393084 0.61248700900084 0 0.2515165091022382 0 0 0.8999039067142377 1.1428391830035907 0.00708815450376252 0.1839080833783896 0.6382904401605637 0 0.6492585200524607 0.4874892127715812 
LEU 132 VAL 70 0 0.032613867696441305 0.032613867696441305 0 0 0.032613867696441305 0 0 0 0 0 0 0 0 0 0 0 0 0 0 0 0 0 0 0 0 0 0 0 0 0 0 0 0 0 0 0 0 0 0 0 0 0 0 0 0 0 0 0 0 0 0 0 0 
MET 71 LEU 73 0 15.321411316945612 0 15.321411316945612 0 1.5767962799328101 1.089999153545429 0 0.6867120160968201 0 0.7563165261528246 0 1.5466288928684135 0.6528860508964106 0.7099854994888636 0.05037621254907896 0.7499940134043066 0.012615602720415911 0.38351716724355706 0.009793739314323053 0 0.09023729847806312 0.46692202347308537 0 0.03720951445185269 0 0 0 0 0 0 0 0.2146197964965513 0 0 0.03629370097548195 0 0 0.17792483206887805 1.3359212479432347 0.7549034047341958 0.8630735034347328 0.04514729689851237 0.8158570923799728 0.09697349755023539 0 0.3618335690946195 0 0.6767823262467968 0 0 0.1350751836144027 0.06694802262986416 0.9200678522618816 
ASN 133 LEU 8 0 30.101670778097233 9.844194226421989 20.25747655167525 0 0.03944314436538079 4.292054078877516 1.7246088283022354 9.019901357175307 3.041107381693816 5.50727471767926 0.21861189853499696 1.1144121616786618 0.4027053417904509 0 0.03159413127351133 1.483243550996064 0.007071310815783159 0 0 1.5162158898306677 0 0.14926445588733056 0 0 0 1.4237554212766348 0.079357477682553 0.007263712980754593 0 0.04378591725630005 0 0 0 0 0 0 0 0 0 0 0 0 0 0 0 0 0 0 0 0 0 0 0 
