GLU 168 0 MEMB 0 0 0 0 0 0 0 0 0 0 0 0 0 0 0 0 0 0 0 0 0 0 0 0 0 0 0 0 0 0 0 0 0 0 0 0 0 0 0 0 0 0 0 0 0 0 0 0 0 0 0 0 0 0 0 0 0 0 0 2.0373310481908686 0 0 0 0 0 0 0 0.11899506923133397 0 0 0 0 0 0 0 0 0 0 0 0 0 0 0 0 0 0 4.596474673751164 0 0 0 0 0 0 3.190548172365016 4.488550456788638 4.580036777554806 4.242021022411789 6.581581005555323 10.533573994244147 5.762224414387547 
GLY 40 0 MEMB 0 2.1410172192499206 0.35016439412490097 0.7959508666848178 0 0.449184004447881 0.032192451978596215 0 0 0 0.020644689725842866 0 0 0.0069528003952978165 0 0 0 0 0 0 0 0 0 0 0 0 0 0 0 0 0 0 1.9954858692867792 0.3168753722899516 11.083569246996975 0.01886107292131308 0 1.7418296853278983 10.768368642433641 9.36194428360842 1.9538811190004866 5.016826435227696 5.606473550051276 3.8216201971300228 0.06862417981364712 0.30083100101742727 2.4364029855275797 0 0.025707381879578724 3.0756159685414466 4.216984420300474 5.970643373542805 0 0 0 0 3.5710320653590957 4.766716715172116 0 4.87201172377762 3.6592859516994025 0.5384374992249121 3.76306294031275 8.306710043527696 3.2369417257399586 0 0.9765570708546462 0 0 0 2.4218147339500815 10.325205854677979 1.512440356475988 0 0 0 0 0 0 0 0 0 0 0 0 2.4514899712139386 0 0 0 0 0 0 0 0 0 0 0 1.4232908931483303 0.10112610904883577 6.960220373248126 
LEU 37 0 MEMB 0 0 0 0 0 1.4936831761147342 0 0 0 0 0 0 0 0.009902541498472982 0 0 0 0 0 0 0 0 0 0 0 0 0 0 0 0 0 0 0.06530868678439057 0 2.37736721639667 0 0.1795528923034665 0 2.1487788148432494 2.6237018349078256 2.9203061435588125 0.41007209583260607 4.375362079226359 1.4150137322547556 0 5.218236363130873 0 0 0 0 3.9075865491350408 1.4800362553957789 0 0 0 0 0 0.7232581155545857 0 0 2.058402326626154 3.378212213409323 0 0 0 0 0 0 0 0 0 0 0 0 0 0 0 0 0 0 0 0 0 0 0 0 0 0 0 0 0 0 0 0 0 0 0 0 0 0 
HSE 80 0 MEMB 0 0 0 0 0 0 0 0 0 0 0 0 0 0 0 0 8.526519498091117 0 0.9459821338597976 3.4634190665379996 0 0 2.6287951427316694 0 0 0 0 0.07632060857157112 0 0.016267766848752144 0 0 0 0 0 0 0 0 0 0 0 0 0 0 0 0 0 0 0 0 0 0 0 0 0 0 0 0 0 0 0 0 0 0 0 0 0 0 0 0 0 0 0 0 0 0 0 0 0 0 0 0 0 0 0 0 0 0 0 0 0 0 0 0 0 0 0 0 0 0 
GLY 50 0 MEMB 0 0 0 0 0 0 0 0 0 0 0 0 0 0 0 0 0 0 0 0 0 0 0.48618867556248835 0 0 0 0 0 0 0 0 0 0 0 0 0 0 0 0 0 0 0 0 0 0 0 0 0 0 0 0 0 0 0 0 0 0 0 0 0 0 0 0 0 0 0 0 0 0 0 0 0 0 0 0 0 0 0 0 0 0 0 0 0 0 0 0 0 0 0 0 0 0 0 0 0 0 0 0 0 
LYS 10 0 MEMB 0 0 0 0 0 0 0 0 0 4.474459795309689 0.1142012575714546 0.028543966583139666 0.9280780037235365 0 0 0 1.8972644551465754 0 4.2719490932095985 2.4954530922704814 3.9222570916467543 3.6377463343704 0 0.16671579665121944 0.05392792963862075 1.2193696216247407 0 4.2239025986964815 3.3096800119143563 11.993011510801969 2.959235575998467 10.91862042440653 6.034804939754899 3.1640696367277927 15.025839791375558 15.023306482064463 25.636083265495003 22.162157298273502 2.1145657656089867 7.1496935432905175 4.355072640166726 0.02550261616168627 1.2925061248217347 0 0.1644065135324264 0.5156583401560865 2.127570996352715 6.889693141298895 7.174264125423515 0.13981465938145135 0 0.09834689228664285 0 0.1838019827197365 0 0 0 0 0 0.009049741942042019 0 0 0.058004418400610526 0.04043380073138044 0 0 0 1.5602762651456923 1.8210685903173187 1.5862784661396179 3.8169607618730343 11.36404455243181 10.397239194357333 2.2794267588768644 0 3.444113297544546 2.590202277849982 0.8705436961595242 1.0605970809777325 0 0.8124167562880246 2.377865442168957 0.38449779443343773 3.7099741321285116 0 2.5279558904573425 0.63680047922805 6.4743405752160035 3.148520974655664 7.8338410994531795 9.126917004809325 2.7242482979478257 5.923282220203381 14.626854890891611 9.005166407305135 17.548966999075144 21.64841526087095 14.877532398233441 8.040436101492071 3.057818698091509 
TRP 66 0 MEMB 0 0 0 0 0 0 0 0 0 0 0.35151037690436604 2.2392485380690244 0.010900486784428206 0 0 0 0 0 0 0 0 0 0 0 0 0 0 0 0 0 0 0 0 0 0 0 0 0 0 0 0 0 0 0 0 0 0 0 0 0 0 0 0 0 0 0 0 0 0 0 0 0 0 0 0 0 0 0 0 0 0 0 0 0 0 0 0 0 0 0 0 0 0 0 0 0 0 0 0 0 0 0 0 0 0 0 0 0 0 0 
TYR 58 0 MEMB 0 0 0 0 0 0 0 0 0 0 0 0 0 0 0 0 0 0 0 0 0 0 0 0 0 0 0 0 0 0 0 0 0 0 0 0 0 0.09408972519762285 0 0 0 0 0.008146198319940325 0 0 0 0 0 0 0.31413423153070913 0 0.03598103965837945 0 4.988234550801796 0.690099799743228 3.5736466463894603 1.2346066936471713 0 5.61233129257795 0 0.13329744389082177 2.260526740229041 0 0.8076088992292831 0.07441936791518453 0 0 0 0 0 6.599917917837496 0 0 0 0 0 0 0 3.291459200732251 10.600397900226731 2.328763186780067 4.109822749087845 8.764864519189336 3.123641842819003 5.501708475900942 7.682928016330828 1.1553003069728591 3.050335718796613 0.8966027310999516 1.3821444451562113 0.013163801810046 0.026921134092715855 0.055311349851378526 0.04739783042377291 5.822119850965616 0.04039726123812093 3.6710604395989312 0.12796783886651664 2.534696969503999 0.7851116171267004 
ILE 46 0 MEMB 0 5.232513228263529 0.5322400472212685 0.6026148977716408 0 0.5166571083770006 0.044818825700465456 0 0 0.0067450726013678144 0.25701719616125535 0 1.644823578848626 0.019760094994345896 2.659848391932778 0 0 0 0 0 0.42418031501086817 1.3952822416618749 0 0 0 0 0 0 0.0971743226855984 0 0 0 0 0 0 0 0 0.893978175697698 0 0 0 0 0 0 0 0 0 0 0 0 0 0 0 0 0 0 0 0 0 0 0 0 0 0 0 0 0 0 0 0 0 0 0 0 0 0 0 0 0 0 0 0 0 0 0 0 0 0 0 0 0 0 0 0 0 0 0 0 0 0 
LEU 77 0 MEMB 0 0 0 0 0 0 0 0 0 0 0 0 0 0 0 0 0.013434952524060193 0 0 0 0 0 0 0 0 0.026068214160224187 0 0 0 0 0 0 0 0 0 0 0 0 0 0 0 0 0 0 0 0 0 0 0 0 0 0 0 0 0 0 0 0 0 0 0 0 0 0 0 0 0 0 0 0 0 0 0 0 0 0 0 0 0 0 0 0 0 0 0 0 0 0 0 0 0 0 0 0 0 0 0 0 0 0 
GLY 163 0 MEMB 0 0 0 0 0 0 0 0 0 0 0 0 0 0 0 0 0 0 0 0 0 0 0 0 0 0 0 0 0 0 0 0 0 0 0 0 0 0 0 0 0 0 0 0 0 0 0 0 0 0 0 0 0 0 0 0 0 0 0 0 0 0 0 0 0 0 0 0 0 0 0 0 0 0 0 0 0 0 0 0 0 0 0 0 0 0.011800663772062233 0 0 0 0 0 0 0 0 0 0 1.1571375773093204 0 0 2.425491246830675 
LYS 59 0 MEMB 0 0 0 0 0 0 0 0 0 0 0 0 0 0 0 0 0 0 0 0 0 0 0 0 0 0 0 0 0 0 0 0 0 0 0 0 0 0 0 0 0 2.5637192462639042 0.12863578712190582 0 0 0 0.13721179395993272 0 0 1.487603081961275 0.051694720963847106 0 1.7181933013378667 0 6.479990801344202 9.642987153589722 5.010248387467908 0 4.429422192846906 0 4.050380873196142 0.007170222236732727 0.5387736003981071 0.2679874627718221 5.482918872529382 9.976914965992984 2.727447792893375 2.177948821111657 0.29454945243360486 10.469742508666885 4.534164968016 3.310293894732257 0.25084813812195494 0 0.11394961346599017 3.523033419587941 5.960651582574563 8.035521185714295 6.362290952356697 15.210633401040194 15.289957406275358 20.421533359798403 24.89836214568233 28.41245005522756 26.878191197589175 17.21127713387436 17.95894387451181 9.96354898650147 7.365024761778426 13.183133369021329 10.495460463005085 6.708310478307071 2.137266491278462 3.4223884549462515 9.044675268051439 6.3093720750731155 7.48874032429891 2.347274698186894 2.1505510289405847 0.008697226780055056 
TRP 172 0 MEMB 0 0 0 0 0 0 0 0 0 0 0 0 0 0 0 0 0 0 0 0 0 0 0 0 0 0 0 0 0 0 0 0 0 0 0 0 0 0 0 0 0 0 0 0 0 0 0 0 0 0 0 0 0 0 0 0 0 0 0 0 0 0 0 0 0 0 0 0 0 0 0.05568467176859512 0 0 0 0 0 0.18891416314579934 0 0 0 0 0 0 0 0 0 0 0 0 0 0 0 0 0 0 0 0 0 0 0 
GLU 17 0 MEMB 0 0 0.0075918347855044145 0 0.01805086334688541 0 0.19091878331440992 5.788869480349785 5.675301333365488 4.3920326325544385 4.5035215457766595 4.204241140141305 0 5.034980749662225 4.61137314970279 3.8190888908057397 9.46738963115246 6.442019210252833 9.529551114685217 6.98434427381768 8.064359490972876 6.081241440643952 11.84764629558263 5.363475336847414 5.266366212461374 0 9.096594873122443 0 4.381771021629007 6.390496767452916 6.681337735756707 6.522399453282832 0 3.394734646249768 3.9770277061080463 5.279954767243879 3.8591986840083026 0.018304023107394922 3.0422582073140143 4.768588815090596 4.365946136283347 6.301968693273217 3.343351746452165 3.6255636852535122 5.9493160102093166 2.870226486559661 3.8191691027314625 5.9710263485336545 5.714636893202873 8.931086707749838 4.294569145703661 3.54535819542166 3.2060484742074413 3.81527904774976 0 0 0 2.5664058196778265 0 0 7.580122025688271 0 0.8473410476429462 3.9424521595640485 0 0.013722222774981373 0.04929996384720837 0 1.4657579697378753 8.586775381916445 0 5.863461888799973 5.3655311134528905 3.3167422662532764 5.6953242498519465 5.206718075948718 4.733256849480696 2.7146723627095173 0 3.952592127764133 3.025082781625117 2.9895695282169843 3.8778113991619705 1.2928589801827624 0 0 0.07203576377737499 0 0 0 0 0 0 0.30268264494666147 0 0 0 0 0 0 
GLN 180 0 MEMB 0 0 0 0 0 0 0 0 0 0 0 0 0 0 0 0 0 0 0 0 0 0 0 0 0 0 0 0 0 0 0 0.009522769013010583 0 0 0 0 0 0.5452259873491043 0 0 0 0 0 0 0 0 0 0 0 0.9140307785286271 0 0 0 3.1446985117286825 0 0 0 0 0 0 0 0 0.5518260888419639 0 0 0 0 0 0 0 0 0 0 0 0 0 2.1243474008159224 0.02006294356310845 0 0 0 0 0 1.2627178087557422 0 0 0 0 0 0 0 0 0 0 0 0 0 0 0 0 
LYS 38 0 MEMB 0 3.1225463404688885 3.896017503443197 4.606936387686686 3.7680498640839857 6.270733670954252 4.298535402966227 4.5440194882541896 5.3864512367854775 5.189337519794014 0.4502651878829105 0.7825863558030834 8.104781393714795 6.990461622582291 2.2796866723971356 0 1.528606936752338 1.0891185297460333 0 0 0.038154328081897726 0 2.2533205242399097 2.3599277978484388 5.294268147728016 0 0 0.24090903200425143 0.6194698461543822 0 3.497397297095807 3.9087329819672822 6.670799048545438 5.192090998832449 7.435042778156464 2.97562220474396 2.2898205493057344 2.733346395144091 2.839140958454991 5.482625626868807 5.336493082785195 4.355214177552091 7.793494184006574 1.802037657263607 8.715141713962641 5.851347661639659 3.7793764051480037 5.280429637399157 5.0994382217353555 0.33010456315859593 7.538371348860599 2.0126578891686977 0.010412032698387703 0 0 0.049857298052012965 0 1.4263271664695842 0.09707584905021166 0.08316160126750342 3.426463428552279 1.8870616889238805 0 0 5.941803113242335 0 0 0 0 0 0 0.0957356422675875 0 0 0 0 0 0 0 0 0 0 0 0 0 0 0 0 0 0 0 0 0 0 0 0 0 1.8828554841477936 0.010280792586808333 0 
GLU 57 0 MEMB 0 0.013803547417703394 0 2.8356970718431604 1.6561730721539125 0 0 1.0740536704489627 0 4.485602794758504 0.3344744574244002 0 0.021088384565472542 2.071686990750175 0 0 1.1150364483692503 4.055289590329637 7.881259974619817 0 4.953440548775586 1.8196516121298743 0.21662310915203778 1.8137288430770857 5.251822031942146 3.8893666834902993 4.692839437293844 4.089945059106862 10.619236760781316 6.571014342284659 0.2550222212955114 0 0.8815339408207055 2.524905742554622 3.101571570800933 0.06425840067521461 2.5832559807181297 10.651137461836763 0.8925458404142373 0.06622844929810456 8.393142821074727 9.481433891248125 5.405832490727078 11.10917914401889 8.05381577168946 5.2753491045625545 10.259058280761842 5.438897137305956 7.105851817812254 8.865168081851559 10.89668185252776 9.636049323325782 9.745810353402794 8.853604621411735 5.149165197265773 6.437970440190389 5.511783805016568 6.19510077477144 0.5411500175310799 0.6531373491272541 8.602100956577383 7.09272627436551 0.6472162229682765 11.743658690856616 4.239326592388934 0.04248507033942923 0 0 6.451631730794206 1.2213483384851056 2.0107151889064037 0.317493491242253 2.6386790721902313 1.023477195968715 0.7381118809002725 0 1.30095795556601 0.2568442065850115 1.2774332173976848 2.3452538518534856 0.11153484185496022 0.8923404474570378 2.9753356900366685 9.086008041706467 2.894519039461423 1.2625522544981722 1.3936027263237325 0.7080322732543138 8.035538475395928 6.904225259942124 0.13693682397081466 1.287066818135086 5.589092745885957 12.036603579492022 0.9549897134922651 8.394762783830801 0.34797135965860454 3.4419122092938434 0.6525693484967939 0.6229794607849649 
ILE 4 0 MEMB 0 3.003510375729678 2.5033383770612496 0.45876571383257103 3.3027845930321065 5.040873344782323 4.527980530403523 8.737122570538082 5.784031096282618 4.940628799319655 0.6946864934834975 3.694680545848748 6.593746536913707 2.7419654211797266 6.664156522313264 1.8860396613011725 5.7116423517918244 4.996345082181012 4.148205641780824 1.3367073368579205 3.7761378384529514 2.7285902497005403 1.7296453520924113 3.8214973995623556 4.744968853779883 8.631143490150182 4.615343299487315 1.6894480501557179 7.069172940243194 2.9679159567878233 8.862974509472487 6.352202743174567 11.958262009541139 16.015385141062026 8.612791843670067 14.14267592276645 3.9291790602817147 3.7503558631079597 7.116001062919829 4.2234919873241745 4.3837112268156675 6.071253522398458 6.701527069108199 8.135473414957955 4.2207930949253605 2.4454588421511074 6.16295959987497 12.038012877709226 6.361368094836207 11.273364269400837 9.026576133072982 4.836545336390442 9.951827054438484 4.424859993459519 4.968768415058234 4.2803289788656755 2.522892863013281 6.913441064735866 3.475955000291755 4.879894397603823 7.198881708238203 1.5864150200451506 3.3275495226807768 5.1443185529006294 8.443144359815605 4.285858150211267 5.313979713815198 2.3888159203240296 4.1745682401785915 4.410926132087832 0.6095859408763624 3.2533152055226338 6.001656146978009 6.457439402420696 2.1980476952338703 4.0342753396905415 3.007122625050583 1.572293112048513 3.0655878388261244 3.439440324453516 1.1399040949657224 2.087074289304133 4.2258160091455 1.3512455216835515 2.726062232832865 1.2101306169735606 5.245505116291631 1.502340594897998 2.545952690188487 9.993500110161264 6.394015246622121 2.2153373355149326 3.7958267555994936 14.605539249850551 7.6332527978972164 7.803989459892096 5.151861704344249 10.690680112575919 6.599438329274477 2.5225750412998114 
ASP 164 0 MEMB 0 0 0 0 0 0 0 0 0 0 0 0 0 0 0 0 0 0 0 0 0 0 0 0 0 0 0 0 0 0 0 0 0 0 0 0 0 0 0 0 0 0 0 0 0 0 0 0 0 0 0 0 0 0 0 0 0 0 0 0 0 0 0 0.010154759903384698 0 0.16144472435562893 0 0 0 0 0 0 0 0 0 0 0 0 0 0 0 0 0 0 0 0 0 0 0 0 0 0 0 0 0 3.5003492189379783 3.116164866500136 0 4.647631690115617 9.75178961769523 
TYR 154 0 MEMB 0 0 0 0 0 0 0 0 0 0 0 0 0 0 0 0 0 0 0 0 0 0 0 0 0 0 0 0 0 0 0 0 0 0 0 0 0 0 0 0 0 0 0 0 0 0 0 0 0 0 0 0 0 0 0 0 0 0 0 0 0 0 0 0 0 0 0 0 0 0 0 0 0 0 0 0 0 0 0 0 0 0 0 0 0 0 0 0 0 0 0 0 0 0 0 0 0 0 0 1.644154339792834 
ALA 6 0 MEMB 0 0 0.06447108377098482 0 0 4.1143035545692 3.443116780832302 4.8329476272919125 5.632874927922228 2.5600579274343715 3.6188471829380315 3.447262751318243 1.6008315945371197 0 2.2981513073986823 8.336469663710625 2.088055514041637 3.9578509784653693 6.107253926715994 1.8192639242873312 4.832355339614568 2.029440102618441 0.15363792497041873 2.2845350814127086 0 5.067973860183202 3.343226368992916 2.1786956908046693 2.530781964186606 3.7736998164934765 2.7498752160573856 4.330687823493179 2.06847480525731 0 0 0 2.586425039601286 2.167654196456416 1.3856343699927793 1.0472305458492377 5.386370524902699 1.6812325431340682 1.2051252839325646 2.2672780717648973 0 2.853616332734481 5.131890514440982 3.519968084123261 1.2508849971772864 0.9832859692477676 2.5011656172573336 0.11600831463274852 1.6415864520432062 0.013223400388578239 0.2801537292748092 0.007818163250483106 0.4136240760648433 0 0 2.214698511890931 0.04057478703992569 0.19552784089332315 1.6947662512883492 4.229491297991645 0.07743905436551637 0.29748621527856656 0 0 0 0 0.06719880975187068 0.6341001455499544 2.7020057200850527 2.6971719403137273 0 0.44879605699497294 0.2731625066994718 1.3777769375981128 4.014794167084484 4.173564087687624 3.8274309909978053 1.7673189007538177 3.8316886791004054 2.172331932915478 3.1290813704779183 1.251368118806499 4.111764071924308 3.087782056271914 6.150754553056146 4.332088806677249 1.9570226826944883 0.1644089949903419 0.20336609314208542 0.9058272403070954 5.170259510769403 3.9583770458908143 4.016112645186703 6.58044087013953 6.629270874402416 2.8060181584395387 
ASN 3 0 MEMB 0 8.573569732063334 17.29770287271268 5.724526488290271 22.12917814036888 18.324968336292958 21.035656569904866 15.690219115219403 2.701582269933513 19.346639708487814 8.590358432939885 14.175444962038771 13.138049180093713 13.847443498838203 17.366239196699244 11.222512123431288 9.687862240322223 7.909446825398958 1.4133815316676388 2.8225319219244076 11.967931177613472 17.98699503561668 5.879593336425019 1.6010251825062936 10.117841767505828 20.666441534898862 11.627453654094179 3.976003677371554 5.080418298471821 11.367107607805023 13.325807478204952 14.750558161457635 12.750125577477379 7.361307283613666 22.19018429098606 7.938375410935837 15.839880420904983 8.222138076210205 17.91979188296814 4.98085542122925 12.11102374395423 4.624086971443967 14.83813089073406 11.413441435523323 12.413363502174786 6.124896674070889 6.892148503356483 4.707611453280936 6.72445705801899 20.351599047188046 5.48987867977333 21.099819581759846 14.938932668994804 16.548377138119367 6.698075855728664 2.563127111478996 3.9724703662227046 0.46082104398696094 0.26182570571956054 14.552221979909909 9.851771368616786 6.660188877795751 5.054124010639496 23.6885817136541 25.933267631891972 23.790009475967246 11.083585225918018 11.767759835721533 8.4372754890504 4.235498813349468 2.5170679834071574 11.170516322355477 14.601584625593123 16.471558169384156 7.145339407426974 7.02284428938881 15.674029812383338 14.205036222428788 17.285335110219677 20.35668286195795 7.289391438207236 14.687474356577967 9.711827657489815 7.990778091423668 8.852390268679766 10.178765765075921 6.693261559953929 7.915699074778277 4.86420838597398 0.46423105134049003 20.62407537911398 10.05368792562018 6.410169281442231 12.861154479208677 17.77372295292142 19.2207366727778 22.49787157724365 14.114782085440572 19.546833829296126 12.65490332449901 
SER 174 0 MEMB 0 0 0 0 0 0 0 0 0 0 0 0 0 0 0 0 0 0 0 0 0 0 0 0 0 0 0 0 0 0 0 0 0 0 0 0 0 0 0 0 0 0 0 0 0 0 0 0 0 0 0 0 0 0 0 0 0 0 0 0 0 0 0 0 0 0 0 0 0 0 0.009797393171688071 0 0 0 0 0 0 0 0 0 0 0 0 0 0 0 0 0 0 0.018055005270141117 0 0 0 0 0 0 0 0 0 0 
LEU 8 0 MEMB 0 1.2306098856034238 0.019796657114087575 2.0240234725827744 6.824173372145118 3.3445814943031147 6.22385606771024 3.2307331720094523 1.5998169721907851 1.2649087687568452 3.087841916214969 3.4193142926245703 4.269222361612906 1.3851301144033397 5.110303396730396 0.1158122112858323 0 7.328838744881073 6.778380871053388 4.128184557063932 8.082529227364692 2.71424436892724 5.462513142549083 4.367722396619151 5.8285838460220445 2.8847106250327172 3.3261459055970315 8.534189477992545 4.522347127824371 9.05765029357392 0.884916600235987 6.9009574485914795 7.623127248279325 11.607629556353256 4.790942275556644 3.8284915126023567 5.418350588936345 3.07353110568842 9.150998187923085 4.850994293492507 6.596618408215321 3.3048584212071708 2.578373102382413 8.000582242347297 4.3497898949436955 5.198989004210105 6.485835481317134 4.59927195525832 3.93805390998034 5.751713514117609 8.176585001157695 3.692044661120743 6.6576143405298005 1.0279978805777412 2.907538029075825 2.0307076543177556 1.5200515620109762 0.6455656511180519 2.0090952539522204 0.09554398985424647 0.17009104811321246 4.322948035036711 0 0 0 0.11791745559344419 2.0277035312702525 1.4115686278235116 1.279132166717769 2.550168973278611 2.7713856262091716 1.0068314024774316 5.170056594321112 3.421601340652695 7.775678640844432 4.295111736468021 1.5417722927513826 2.524003587255948 3.082633533692604 1.6945795680341758 2.6612847843887417 5.800090073562004 1.8859554286174771 4.746173234283535 1.3940288445490858 0.6498400185806416 2.1452826465010446 1.9814913678859818 0.8038017288913747 1.7260018719854404 3.3865070059429856 1.5938225854661296 8.666446097146428 2.164797033591403 4.140116165926928 0.4781331656020177 1.9088235815205905 0.736052543900365 1.249355963774899 0 
PHE 9 0 MEMB 0 0 7.852801608248798 11.043126281615104 8.827946324728167 1.4930394501824082 1.5442407853218683 10.571175467580165 4.022320875712618 5.513218085451063 11.9424652766587 6.596696748992375 19.21197341730665 8.136350507860906 5.138750982587743 5.496823174143936 14.527837958811253 13.646621198833259 17.46476483656034 10.604607607140096 5.394902260164253 5.679278629663237 16.01641919539543 9.210679636803928 6.971237524251426 11.767688098424426 2.8167466301298374 9.433576196270533 10.84638053780933 10.108222062687817 7.452831236239573 4.672044839708751 3.2949294740534065 7.07839384083379 5.113245784176264 2.352274437474862 6.068580260913975 5.591522121082907 2.926937106704691 12.052278868953435 4.604229983395681 15.005008379251569 11.674893174700747 7.792864977718247 5.654245733803413 2.8562582948740927 3.355767369609828 6.991017451979165 2.96023669504467 19.525975106630657 4.451462858291485 8.323267950282503 2.0905867248434684 4.3646471556491875 4.882245860458382 3.5155602916055346 6.770132331630644 5.31922950249561 0.2319005281778549 2.4204249135040983 1.8488293280321113 0.8848952518761879 0.19870839173031626 1.0269109955983582 0 4.930061574211164 0.017516916974210005 2.919806328899069 0 0.6339865197502215 1.3788026222745726 7.505122076506962 8.918095179993662 5.137600341817271 1.2864510964490374 0 0 0 6.9609041271391465 3.0180908060964575 2.8120373517051287 2.8019348491671003 3.8189014375375026 6.589213467531788 3.657444842182141 5.9199062821942 7.328010725051166 9.65787757377673 4.458671942116048 16.04182604638418 2.441095230632954 1.6678485045933182 2.0067231419533047 2.0829595234930727 3.079953942969434 5.308617356821721 1.598188436381187 4.4311976590644 1.6829539403004923 4.47521105922132 
VAL 56 0 MEMB 0 0 0 0 1.5056580374803832 0 0 0 0 0 0 0 0.12047407418830497 0.24798335210825345 0 0 0.00851631834807439 0 0 0 0 0 0 0.02495750408986406 0 0 0 0 0 0 0 0 0 0 0 0 0 0 0 0 0 0 0 0 0 0 0 0 0 0 0.1108892515631617 0.01066963594086796 0 0.4508477379749754 0 0 0 0 0 0 0 0 0 0 0 0 0 0 0 0 0 0 0 0 0 0 0 0 0 0 0 0 0 0.049856955825492266 0 0 0 0 0 0 0 0 0 0 0 0 0 0 0 0 
ASN 84 0 MEMB 0 0 0 0 0 0 0 0 0 0 0 0 0 0 0 0 0 0 0 0 0.3412273516712133 0 0 0 0 0 0.008998337546038952 0 0 3.447912912937844 0 0 0 0 0 0 0 0 0 0 0 0 0 0 0 0 0 0 0 0 0 0 0 0 0 0 0 0 0 0 0 0 0 0 0 0 0 0 0 0 0 0 0 0 0 0 0 0 0 0 0 0 0 0 0 0 0 0 0 0 0 0 0 0 0 0 0 0 0 0 
ASN 175 0 MEMB 0 0 0 0 0 0 0 0 0 0 0 0 0 0 0 0 0 0 0 0 0 0 0 0 0 0 0 0 0 0 0 0 0 0 0 0 0 0 0 0 0 0 0 0 0 0 0 0 0 0 0 0 0 0 0 0 0 0 0 0 0 0 0 6.429141769939088 0 0.009942194956834629 0 0 3.820524357992618 6.574913217020401 4.486779816441793 1.996962885031179 0 0 0 2.8747445726449 4.59834926312167 0.40952984849094526 0.1851938476188793 0 0 0.30594129217065885 0 0 0.026173989016053875 0 0 0.5456903930392843 3.32621218937579 7.2351726167652695 4.571152332704953 6.282699464615846 4.437104666717864 1.1237799202162464 0.5002239317577261 5.512536294340007 10.986991351972577 2.1195929834575122 6.598380315947179 4.823327182898073 
TYR 35 0 MEMB 0 0.9717600136958217 3.030317532674496 0.15935058796097154 0 0 0 0 0.01038877011914979 0 0 0 0.023705677459800165 0 0 0 0.6577939542014138 0 0 0 0 0.008443371095095862 0.22130487320318878 0 0 0 0 0 0 0 0 0 0 0 0 0 0 0 0 0 0 0 0 0 0 0 0 0 0 0 0 0 0.10145740236020347 0 0 0 0 0 0 0 0 0 0 0 0 0 0 0 0 0 0 0 0 0 0 0 0 0 0 0 0 0 0 0 0 0 0 0 0 0 0 0 0 0 0 0 0 0 0 0 
LYS 16 0 MEMB 0 0 0 0 0 0 0 0 0 0 0 0 0 0 0 0 0 0.058636848120824626 0 0 0.5145266191428142 0 0.27710842622985643 0 0 0.027957001267344697 0 0 0.016040116349948976 0 0.018668663452994835 0.007060922796166167 6.151810501737982 3.9915330934112774 2.512517645201216 0.11010986078524858 0 0 0 0 0 0.04891326074675664 0.31740553275019145 0 0.007888401066954548 0.02440208226085043 0.01546782931377298 0 0 0 0 0 0 0 0 0 0 0 0 0 0 0 0.009869519506343705 0 0 0 0 0 0 0.2982751607483185 0 0.653043356588954 0.06337537175369395 0.26405097367356434 0 0.09082245350292412 0.013396611276937184 6.522655145734415 1.5466462413862263 0 2.654362000407978 0.055345800905771916 0 0.014995169879456495 0.013571261861687969 0 0.01311137690353701 0.29273947017329466 0.07689232077284353 3.1303087260143965 0.016454703496583067 6.537153876037474 3.651112416930178 3.4767609691016537 7.622264477733805 4.667005824872854 5.53879356635703 4.3748692922331225 3.5320457112979686 0.04694642836269372 
LYS 36 0 MEMB 0 3.471368509977192 2.8160834975187665 2.532335809466412 0 0 0 0 0 0 0 0 0 0 0 0 0 0 0 0 0 0 0 0 0 0 0 0 0 0 0 0 0 0 0.4787429035119633 0 0 0 1.516847947404564 0.7368199430392008 0 0.012244579444671824 0.8944911586133634 0.08744227128019846 0 0.08101936717414207 0 0 0 0 0.5090386556552383 0 0 0 0 0 0 0 0 0.04390283526843352 0 0.016386469424105522 0 0.006860797758038851 0 0 0 0 0 0 0 0 0 0 0 0 0 0 0 0 0 0 0 0 0 0.19412824421918468 0 0 0 0 0 0 0 0 0 0 0 0 0.05265688008226118 0 
PHE 13 0 MEMB 0 0 0 0 0 0 0 0 0 0 16.388161334902538 3.276311021298049 0.11040711596865295 1.6370400944115069 6.369577874182854 8.20554828244867 7.837384702471349 14.268565147999691 14.044295895715987 10.13909992116423 12.060209723399073 22.419471922005574 8.669781296282885 0 0.7736945352216887 16.448495402667184 19.756879159675027 11.747487232170158 8.613947252027462 5.454768900596354 0.8108023933094286 2.611176156822083 4.096527929996655 9.86738070591313 16.195357655928554 2.4683532408662723 22.172566920542774 6.767932203625233 23.83110018537806 15.215167979682379 7.889057108719953 18.326199068601593 15.35168460669088 16.480028726685024 11.228294822055782 15.077224681518034 12.501604708651733 11.71534561766955 13.398844889104627 13.91308537992313 13.608048953973046 21.06458655601418 11.257141224414536 11.674145775116225 11.842185448222878 22.592494621421068 18.95309746959966 12.594812679834298 12.06629661904502 1.603803040356345 4.3895768248838305 7.4864849337542765 5.99470406711274 7.151267244452736 11.433598235910033 9.020814711537348 3.7622110033619434 3.270214116818146 11.325608628577873 6.557970381913384 7.176562613661141 13.491794910075527 6.045359729192986 26.250217932909866 10.634311938853564 20.772370573953236 14.67816829636994 14.79078914680155 6.281979402571427 6.066891198865219 4.614667888070539 13.953814574254118 6.211933664137125 11.09329283045034 10.79227162960473 18.434664655724394 3.0449343626727816 9.30990720826741 10.385242893055779 12.05994051198983 9.875149938437966 6.28410538401527 11.956678579994334 21.26167761063428 12.654053193001882 10.519694706017903 12.253893592655023 14.265667863711768 17.238497916556568 5.08419588281074 
SER 62 0 MEMB 0 0 0 0 0 0 0 0 0 0 0 0 0 0 0 0 0 1.7226849289028079 0 0 0 0 0 0 0 0 0 0 0 0 0 0.2611576378508243 0 0 0 2.467822365140434 1.1259638167470387 1.7012671520784188 0 0 0 0 0 0 0 0 0 0 0 0 0 0 0 0 0 0 0 0 0 0 0 0 0 0 0 0 0 0 0 0 0 0 0 0.007812506049701549 0 0 0 0 0 0 0 0 0 0 0 0 0 0 0 0 0 0 0 0.0266943117675083 0 0 0 0 0 0 
ARG 19 0 MEMB 0 0 0 0 0 0 0 0 0 0 0 0 0 0 0 0 0 0 0 0 0.07143706926391938 0 0 0.5698828265291664 0 0 0 0 0 0.1634002029274627 0 0 0 0 0 0 0 0 0 0 0 0 0 0 0 0 0 0 0 0 0 0 0 0 0 0 0 0 0 0 0 0 0 0 0 0 0 0 0 0 0 0 0 0 0 0 0 0 0 0 0 0 0 0 0 0 0 0 0 0 0 0 0 0 0 0 0 0 0 0 
GLY 2 0 MEMB 0 0.18851249196797082 6.242725646643496 3.6280199955777688 4.146977081920438 8.261847579879197 5.48702091007485 4.282634994084459 3.750620168028387 3.924654531663778 4.370086627876014 3.4349241664333734 12.168967645662027 5.99097194864758 10.633335054760192 6.026992263787714 2.3169448413127274 11.602176836465524 6.381750729132772 3.310470740000917 14.415849121476066 8.8573235946456 7.3817373923107725 3.641310796445002 2.0337255780109964 9.810608031205458 2.9836252289315826 2.8536457550285013 2.276463222516631 8.285788080292328 4.816740041915678 6.926628858624153 2.2363737759181976 1.7472674455288055 1.3051423294628697 0.02274150432120722 0.20033682614398002 3.155219779233835 3.7812612739980906 0 2.1311017916470587 1.0086431972566454 2.4923332194970556 4.042909155888596 3.9412562853611646 4.275352431885065 6.695886783062487 4.095470982858712 7.158648484957829 15.146618826612398 9.020318489024584 9.1655239748439 6.770192004308719 13.946824497177857 3.58044026957597 2.149838006400807 3.200315056883686 1.5511110492763827 0.008693527577174714 6.352784429892697 10.05375888232311 8.575619675952014 6.40989551890219 13.085849983958232 3.045958975041752 5.342165633518263 5.861248745233812 1.8801272317159676 8.678662436731564 6.34532390093246 2.639446631998652 4.254576939138411 17.111087591112234 16.342669201448977 5.383501995531334 17.046025749987937 13.059543913581788 15.56277515693635 14.95553494906917 6.788009775461321 12.845866581350071 15.100992610917562 11.807919524998818 8.88711949042652 5.071495845448272 2.784889013444348 2.901427277533819 6.247705793319551 1.7065945046429296 7.0347225496650045 14.489270958202027 13.735750977448777 10.624445255139628 6.026786018845375 13.14047011951681 12.68045307860727 12.454132588019444 12.788557635077721 12.208106203063416 10.899678231427322 
LYS 15 0 MEMB 0 0 0.07421865718279783 2.7055634920465694 3.294740177832545 0 0 0 0.04151523522333679 0.12426511415542912 3.731494211330544 0.7242514787909895 3.5180260782662156 5.0747935077007895 8.3925491922819 3.61544655947775 2.1997533774874434 6.824631450184705 2.9718927108794735 3.4995408358799494 10.33827454965173 5.165667518061696 4.359761409244121 3.669475377432334 3.131483740074969 6.455542865883522 4.640148471513261 2.460056192725962 6.085452027326325 1.1569938834198568 6.185910391432441 3.107730104161504 3.381001414534536 2.5977159648634585 11.225051374953216 6.676002302922238 9.70964304026015 10.020314952225576 12.460586484173783 8.494478107942284 17.393818941603936 14.535588716507288 13.42921055717047 16.452145850852837 12.836848183423536 16.58538445958688 15.497142292762963 12.200304479462757 14.18689451789679 12.041785829663986 13.13028969535799 13.428882176330049 7.959912552708374 15.931373911287418 0.0834331217961759 0.6407693662033456 4.80061830592979 1.0900056062787813 2.1714067703409246 2.4367395613612257 8.823596479918344 6.950354022267921 12.39441321236304 7.807610843789324 5.532594902145171 3.7717952553911838 1.7846370122655706 0 3.9127245162735456 14.863644002484165 5.023728293493912 15.35008947242628 16.43804728224628 20.24241639248208 10.629806952616963 15.476642592765174 15.696665650180783 11.554860007815671 12.421915954412324 12.142016285434087 11.746054072408356 10.102094917866392 12.227313619928013 12.840347719864472 10.146894236472384 9.60408909691176 12.519597311613229 7.394408708528771 10.797258062451176 9.555169960459748 6.538167842205536 12.7891633934184 14.40629447142499 13.824274318728436 4.861472303197117 3.6800076267514426 0.549349631112173 6.930201313458208 2.511718021370587 0.009235023711333319 
ILE 42 0 MEMB 0 9.289611869209114 9.661906222724358 13.375464761972742 0.281534675010206 0 0 0 0 0 0 0 0 0 0 0 0 0 0 0 0 0 0 0 0 0 0 0 0 0 0 0 0 0 0.007555832242209414 1.9805229080700677 0 0 0 0.00887191703724007 0 0 1.3952150235244525 0 0 0 0 0 0 0 0 0 2.228222401744651 0.29689647058887764 0 0.009725008061725982 0 3.584067446666091 0 2.2153270652550456 3.2457994160641164 0.6852809354101487 0.27895120643256305 0 0 0 0 0 0 0 0 0 0 0 0 0 0 0 0 0 0 0 0 0 0 0 0 0 0 0 0 0 0 0 0 0 0 0 0.23188409818996217 0 
GLU 54 0 MEMB 0 8.012811045004792 12.984757129916243 0.6909449789479607 4.299084961211178 1.117221829458238 8.102966217599 7.27374230884802 5.178392160129693 4.874062177318426 6.728704537587871 0 5.786911440787386 3.84195493014578 6.1121777499703125 0.1399389922132623 14.25363676453269 8.730184607402451 0.23028906902085866 4.7705584362669216 5.865442000868233 1.4751519125447978 0.14648042106488512 6.774167155475387 0.16279131817569542 0 0.7127848535317072 5.4700961573845595 4.142017074400844 4.3673355913984935 6.216150771302862 0.6043509720080379 0.019289006387730227 0.13853817919520425 1.61803073384911 5.613939726638307 4.915893538695814 14.692970332113005 5.194875107766 4.14697037725427 0 0.013437860133933461 0.014524313524827068 0 0.1750843414735037 0.04816728170956124 0.01702328877690418 0.09324297267471597 0.8789522031362427 0 0 0 0 0 0 0 0 0 0 0 0 0 0 0 0 0 0 0 0 0 0 0 0 0 0 0 0 0 0 0 0 0 0 0 0 0 0 0 0 0 0 0 0 0 0 0 0 0 0 0 
LEU 12 0 MEMB 0 0 0 1.4296130326144778 4.866209819793742 1.6583559629777394 2.647571402394242 2.3739527559093214 1.5621499459836414 0.45521181152037077 7.790842664510215 1.6088494208735262 7.911196230957169 9.838027600217144 6.721635483739304 2.712532079025729 8.93969672074546 1.6332214260497497 0.07516910106004 2.793096253577426 1.6980794703007502 1.4094066941398329 1.3618734552041405 4.33292012891594 4.521886324495148 1.871388069167083 6.837679037007628 12.104562935138304 2.710504944726413 1.8782671053049074 5.0091045302957715 4.042011260460557 9.585353012892828 5.5158495419068565 5.48077766992365 6.6113302796439255 8.276418198021503 5.189196703930405 7.3500772819890035 4.616004942727505 7.035562291028261 8.840559610049521 4.755204241621985 3.724281218787918 8.087206949311318 7.467075987648068 4.6323428393294 8.829446792572723 4.668660400987031 13.368284299934677 10.91081225241752 6.520182333771327 7.92336695533017 9.583976056113297 1.6568987481805457 3.058760313931084 8.090172279757434 6.465385562754055 2.6240837680295375 7.4410644771075285 3.101459283935539 11.143460059451474 6.237976242381251 2.483185742973912 8.897967213421815 13.419132249235634 2.908035456716919 8.568909146073027 4.679900214831559 7.08956237769503 3.634378462156932 6.841556583425204 1.1326298895683193 10.5916672187513 4.574463808903303 5.316775091902398 1.9981960501712561 5.234334548415863 4.6581902853956985 3.4113848448178143 1.8465952021369565 2.360944879418036 8.901483390428632 2.7048454161978235 3.4735074218528834 4.017327252725476 3.370391568886045 7.694788590800941 3.5941366666602943 4.374206903539631 5.720206520370806 2.161827049747557 7.002320985286074 8.836010051976478 2.363483006014863 2.5217408309633034 0.09034280571059392 1.5748359502075358 2.1019860570179225 1.01597302119838 
ASN 52 0 MEMB 0 0 0 0 0 0 0 1.630368672241318 0.25438042830933744 0 0 0 0 1.6988985817153344 3.1798471136231963 0 0 0 0 1.4141675925039934 2.664754438102994 0.009084487859132174 1.992494696676807 0.7369885895026371 0 0 0 0 0 0 0 0 0 0 0 0 2.9132109451372252 1.8396870878284135 0 0 0 0 0 0 0 0 0 0 0 0 0 0 0 0 0 0 0 0 0 0 0 0 0 0 0 0 0 0 0 0 0 0 0 0 0 0 0 0 0 0 0 0 0 0 0 0 0 0 0 0 0 0 0 0 0 0 0 0 0 0 
GLY 14 0 MEMB 0 0 0 0 0 0 0 0 0 0 0 0 0 0 0 0 0 0 0 0 0.011611997742213612 0.022548521012001166 0 0 0 0.04709941654421219 0.6623912390533391 0 0.03359105355758586 0.1531747107993639 2.5156705749109727 4.680626822373861 6.93895904734469 7.485130263274985 5.255533429739963 1.6424864906973768 0.9564071702885574 5.605871913005621 3.36019451323882 4.859681754292895 6.808795355987149 4.595027690109993 6.880881316305269 4.39309268262303 3.619540287425034 9.665589212702368 3.354652803230841 4.208267233392306 4.114360132227171 6.182314033065135 4.996332137773689 4.579781640018826 5.375483292995908 7.037295210536412 2.910871614831727 0.6772857798411824 4.479947343133486 0 0 0 0 0 0.10444839533875927 0.007968419160635147 0 0.7749030238472085 0 0 0.026181923589345624 4.956040582903498 3.0014240034014827 6.344370587956239 7.029998192062819 7.2585539470917 7.4650176425503885 8.246442307887548 8.366073579621629 8.371416849011243 9.560110434285574 7.497987523420141 5.842035566502671 6.930917927155738 8.893220324834095 4.362395810229626 7.939189722948838 4.1180726683636975 7.960810365188729 6.625881408775468 2.646304617972874 6.226224060466674 6.750014484699613 10.002359505218909 8.729818030266783 7.050816903959567 4.3547683469743195 7.501564342928457 7.945606624373055 5.025666929234927 3.13479572369587 4.180822795953313 
SER 162 0 MEMB 0 0.780769527427961 0 0.01985332887367531 0 0 0 0 0 0 0 0 0 0 0 0 0 0 0 0 0 0 0 0 0 0 0 0 0 0 0 0 0 0 0 0 0 0 0 0 0 0 0 0 0 0 0 0 0 0 0 0 0 0 0 0 0 0 0 0 0 0 0 1.5654736630926485 0 0 0 0 0 0 0 0 0 0 0 0 0 0 0 0 0 0 0 0 0 0 0 0 0 0 0 0 0 0 0 0 0.23694403010496484 0 1.711367162775288 3.042350313379951 
PRO 47 0 MEMB 0 1.7358696720990023 0 0 0 0 0 0 0 0 0 0 0 0 0 0 0 0 0 0 0 0 0 0 0 0 0 0 0 0 0 0 0 0 0 0 0 0 0 0 0 0 0 0 0 0 0 0 0 0 0 0 0 0 0 0 0 0 0 0 0 0 0 0 0 0 0 0 0 0 0 0 0 0 0 0 0 0 0 0 0 0 0 0 0 0 0 0 0 0 0 0 0 0 0 0 0 0 0 0 
ASP 171 0 MEMB 0 0 0 0 0 0 0 0 0 0 0 0 0 0 0 0 0 0 0 0 0 0 0 0 0 0 0 0 0 0 0 0 0 0 0 0 0 0 0 0 0 0 0 0 0 0 0 0 0 0 0 0 0 0 0 0.011888396936629552 0 0 1.2844462117945297 0 0.3147441240035424 0 0 0 1.5239133792372626 1.017875846171811 0.009752162163153725 0 0 0.746739511232055 6.116764571897364 5.4381287374510485 0 0 0 0.6921912815928982 9.596934080759045 0 0 0 0 0 5.123658870702133 5.469140092923345 4.230640082306781 5.936846205935966 6.241833986558653 5.95881966278561 0.007378816952866786 3.223266659466403 5.524215581945263 3.9046732596571636 4.970316578982515 4.473841515698024 6.43594562837356 8.350673334976012 7.201853467684938 4.851686885485461 5.929262706574646 9.610521091339724 
VAL 43 0 MEMB 0 6.023767296419333 7.7614683285437 10.53426591608551 8.002604699128367 6.038098804102356 2.4232784584307234 1.8713666701670721 0 0 2.4989654042927816 0 0.14852817509335875 0.0384017470065555 1.422093976503568 0 0 1.3008835801977976 0 0 0 0 0 0 0 0 0 0 0 0 0 0 0 0.4288109816311873 0 0 0 1.0983610754148896 0 0.67343102020594 1.2574039848720793 0 0.9570064367557587 0 0 0 0 0 0 0 0 0 2.1135897535815373 0 0 0 0 0 0 0 0 0 0 0 0 0 0 0 0 0 0 0 0 0 0 0 0 0 0 0 0 0 0 0 0 0 0 0 0 0 0 0 0 0 0 0 0 0 0 0 
VAL 53 0 MEMB 0 2.048360608055945 2.4596690983810414 0 0 2.4048294143462887 0.5391533381534636 0 0.4796290422129429 0 0.22065972465245615 0.415879899361655 0.277254387744443 0 0.01884092158269847 3.1440415931787222 5.133495745117112 0 0 0.6418590587958786 0.16784826284585125 2.431600301415373 2.9013005532938507 1.569865202243568 0.6493855553960116 0 1.4807388925273155 0.0775889743209435 5.309113825314985 0.1297636175799135 0 0 0 0 5.770978710691659 0.09571608620761164 0.07469760198090722 1.0304489479219747 0 0 0 0 0 0 0 0 0 0 0 0 0 0 0 0 0 0 0 0 0 0 0 0 0 0 0 0 0 0 0 0 0 0 0 0 0 0 0 0 0 0 0 0 0 0 0 0 0 0 0 0 0 0 0 0 0 0 0 0 0 0 
PHE 51 0 MEMB 0 0.6720542308242143 0 0 0.4315361202999644 0 0 2.7821202320088685 1.801945168918096 0 0.08395285276393946 0.8400659972009438 1.5210402540361332 1.8863788385177716 3.929612748567704 2.3065121164560285 0 0 1.0675384231060299 7.284942824655534 13.170001480999181 12.22845971134615 12.048230917852365 11.46311762976568 1.5359227322696016 0 0.18064201789641826 0 0.04970019363197442 0.022126130124905292 0 0 0.03188236666120667 0 0 0 3.524920418138422 9.144976135761569 0 0 0 0 0 0 0 0 0 0 0 0 0 0 0 0 0 0 0 0 0 0 0 0 0 0 0 0 0 0 0 0 0 0 0 0 0 0 0 0 0 0 0 0 0 0 0 0 0 0 0 0 0 0 0 0 0 0 0 0 0 0 
ILE 49 0 MEMB 0 0 0 0 0 0 0 0 0 0 0 0 0 0 0 0 0 0 0 0 0 0 0.025713049262495586 0 0 0 0 0 0 0 0 0 0 0 0 0 0 0 0 0 0 0 0 0 0 0 0 0 0 0 0 0 0 0 0 0 0 0 0 0 0 0 0 0 0 0 0 0 0 0 0 0 0 0 0 0 0 0 0 0 0 0 0 0 0 0 0 0 0 0 0 0 0 0 0 0 0 0 0 0 
THR 45 0 MEMB 0 1.6026142760546225 0 0 0 0 0 0 0 0 0 0 0 0 0 0 0 0 0 0 0 0 0 0 0 0 0 0 0 0 0 0 0 0 0 0 0 0 0 0 0 0 0 0 0 0 0 0 0 0 0 0 0 0 0 0 0 0 0 0 0 0 0 0 0 0 0 0 0 0 0 0 0 0 0 0 0 0 0 0 0 0 0 0 0 0 0 0 0 0 0 0 0 0 0 0 0 0 0 0 
THR 55 0 MEMB 0 0 1.216260392057857 3.0691461980938217 10.357446792839756 0 9.16478559775431 4.323656807032469 0 2.685568256475344 0.6152915733853669 4.320912665297902 3.2108225512194846 4.214543606347771 4.015271532609366 0.03975739639304442 6.571211599439938 3.923686254435555 2.3619086678224828 6.275385570716169 4.309262925401738 2.5326499354346486 3.21551615079738 4.4564291820101065 2.107142714368779 2.2635131747070094 5.021539069065683 0 0.7871919976864956 0.9188646819032324 0.06479681809122796 0.4171421446507084 2.0295646617816905 0.7832078540366003 4.182822699054289 2.315249800979219 0.10783553136907922 2.273751575631092 0.06615792351750024 0.5700138452937037 0.05468743525106806 0 0.015132194929025468 0 0 0 0.020104321454613484 0 0.4948319379085106 0 0 0 0 0 0 0 0 0 0 0 0 0 0 0 0 0 0 0 0 0 0 0 0 0 0 0 0 0 0 0 0 0 0 0 0 0 0 0 0 0 0 0 0 0 0 0 0 0 0 0 
ASN 60 0 MEMB 0 0 0 0 0 0 0 0 0.0113983923962877 0 0 0 0 0 0 0 0 0 0 0 0.3612782667113922 0 0 0 0 0 0 0 0 0.01838053547848185 3.766788484702724 10.810896366965915 1.3271008123663055 2.61594866399405 4.181718186053442 2.921649955595548 0 0 0.9510174462085105 3.3357995809517234 0.007713028490824076 2.86985104248888 0.472252631145353 1.7685871938211577 0 0.09125195829561905 3.348181539662721 0.05314472371108419 2.8720030330344732 7.500732308235559 0 0.9485658257659755 0.6020689428207016 2.099114336356797 5.592331656846556 2.6677663164504377 3.721632323332406 0.1926924104612875 0.05961016684120771 0 0 0 0 0.024016030953228285 3.6293873439871858 7.6304027543728425 2.265753369260649 2.937300548787916 5.0250464211654595 1.579516932426742 1.1333760397380594 1.8271540307436227 4.74779622318756 0.08572251506123449 0 1.1982748069560027 7.1504834070604675 14.090957393657376 9.42337261416083 5.9826734420574414 7.970321883443757 7.041280571394567 4.114131054983991 4.947897061653883 6.739371967640796 6.878932853200019 5.971587018723856 1.2963189069492842 3.1079781249229623 5.6660694699444045 1.726896871792069 4.16744110757099 6.4729437992863 11.754325837430896 10.280908483412045 4.251603936203784 0 0 0 0 
ARG 178 0 MEMB 0 0 0 0 0 0 0 0 0 0 0 0 0 0 0 0 0 0 0 0 0 0 0 0 0 0 0 0 0 0 0 0 0 0 0 0 0 0 0 0 0 0 0 0 0 0 0 0 0 0 0 0 0 0 0 0 0 0 0 2.085404495686238 0 0 0 3.2162341155710052 3.4832432091288466 0 0.8451773926286738 1.0889756113050553 9.465156262436407 6.174081162375729 10.398155026730073 16.45405951086718 11.465731728886373 0 9.561349354477658 1.6551247973492034 15.213638402178875 11.686281796690588 5.673767813745599 8.007282288731057 4.745021128856854 8.084074262310992 4.128833790483858 2.727790121085557 3.5143523953567564 1.343318567726656 0.8810067489248667 5.143477956601728 7.413894824312281 8.074075741783634 9.891198354537462 9.797615641309358 10.02781451957727 3.3391170739501885 7.421015805861836 5.324679341502428 5.000737248399802 3.4621766816823736 9.063328675759534 7.158480891909316 
PHE 5 0 MEMB 0 1.5582106241508722 20.464796958702447 3.229640841042732 13.123900916761825 4.991571720405205 8.224663828116888 3.889335451468878 10.39600431430717 8.70125703240746 1.768647761377966 8.328545187779019 1.3804315921095536 2.943291677212677 10.695082935617958 6.637612073475085 10.622515085589757 13.405646526070026 8.895758466245242 8.283718532161847 6.06800726118979 11.427923952996426 1.1401341773106015 1.0866120986665975 1.7844397278788577 7.466078907847605 1.1170149592876908 3.4745270179675707 2.4206022645974015 0 2.286436750426571 1.1380391492795947 1.8576429435744037 0.9110183109283868 1.6005047004311672 1.2408161022629693 0 0.03750739195179991 1.2949395337212533 0.2030240496212596 0.339128598432981 6.810219571516766 2.375249706524172 1.7126033444106985 0.2944768331180211 1.0207544363086125 1.7456700028537333 4.505200987024285 0.9149148225162922 2.6272226779980845 1.024745345060011 1.6286100946655209 3.887456448687749 2.669928175658066 7.996566424887052 4.167024287163966 2.865748302894279 2.5669773268045017 4.440184284471652 0.7685152662557756 3.257606382498939 0.4411949799497568 0.17092726060773544 0.5294832654999488 0 0 4.3884159166639884 0.37905083589467686 4.39822619197213 1.858679050127864 0 2.1843142025952367 1.3727950456208364 2.157261789260647 0.4207610185986742 3.0231919592579897 3.979153477564231 5.359980245775107 0.37426820737497185 2.2197915674801116 0.720387202783963 0.8296085275617632 0.9217992901587517 0.04831927152781514 2.974549149961784 0.5596678527199245 6.672551559902586 4.375104867874409 8.1750300943262 10.214090765738662 0 1.6273957784135222 1.6398596474679894 2.4809330769517706 2.0638343846767184 5.550251492890111 2.246028869210157 2.5793224406606234 0.5483785961334933 0.17530042305165836 
LEU 39 0 MEMB 0 6.310768716926239 0.40303165606440894 3.2116454158752865 4.330046523143 8.469652150477764 6.672370592695739 1.8380257803977817 0.9590596787049247 1.3173276423197695 3.144917384926112 1.4048308773261011 1.0148216827052878 10.873157458933187 1.9086073504118803 0.16074028700269416 0.8518484408662617 0.09973033977457793 0 0 0 0 0 0.09182495656263498 0 0 0 0.18202007161594252 0 0 0 1.0275687221889067 1.8083887091379443 0.7132613942222009 9.130169560979255 0.02032452483759859 0.9779504113318028 2.113970858152043 5.389395576714144 10.791422675793577 10.87175671416791 3.162659232017758 3.47270843356621 4.910720315642585 0.5162320420795894 1.4083422450827896 0 0.05251133273674602 0 0.926322116826549 1.8870373969270255 1.7902491405861263 0 1.2914172667454373 0 0 0 0.05941109195271969 1.619733707506419 0 0.04819130016146769 1.1473188570831083 0 0 0 0 0 0 0 0 0 4.036526186663755 0 0 0 0 0 0 0 0 0 0 0 0 0 0 0 0 0 0 0 0 0 0 0 0 0 0.1832935218559263 0.22167486068789127 0 
GLN 83 0 MEMB 0 0 0 0 0 0 0 0 0 0 0 0 0 0 0 0 0 0 0.27569472753705115 0.017700530114213908 0 0 0 0 0 0 0 0 0 3.8951421516487716 0 0 0 0 0 0 0 0 0 0 0 0 0 0 0 0 0 0 0 0 0 0 0 0 0 0 0 0 0 0 0 0 0 0 0 0 0 0 0 0 0 0 0 0 0 0 0 0 0 0 0 0 0 0 0 0 0 0 0 0 0 0 0 0 0 0 0 0 0 0 
GLU 41 0 MEMB 0 25.881799520288382 18.408989011365033 25.434400210120767 12.83198385708652 13.85459930073808 4.758740831199055 7.903521769723466 5.289676478019597 7.840241331715248 4.950535163301264 0.14899995557362766 6.603740780297457 0.05354133098283644 0 0 0 0 0 0 0 5.443940369149374 0 0 0 0 0 0 0 0 0.026767642990253106 0 0.009672751174774194 0 10.724349346694401 9.71800295224042 0.283817184008899 15.228420529077779 14.435100489412637 7.382501385341529 2.0308475222710016 8.996221350028332 12.430497784775268 0 3.5455729593154692 5.1949450729762185 0.3784277652393873 6.1508959331740956 0.0815444122382762 4.858396005394309 13.512642196658222 7.824486059291775 19.514442127483292 12.947587914670333 8.687015515205077 13.191852374792918 21.205995708795683 21.18769423478568 16.306464746010402 11.723262289884834 17.652878715750752 8.644965441732454 13.684601104354595 18.883093717227396 11.608400454031772 5.698410135792808 3.8838419225427647 4.842976410445424 0.03111045696093486 2.473381473576258 13.33967196016054 8.470377417916438 13.523079072813788 0 0 0 0 0 0 0 0 0 0 0 0.12359497682646248 1.3169005522853874 0 0 0 0 0 0 0 0 0 0.613050948228726 0.45423098621220676 0 1.8765942460759266 0 
THR 44 0 MEMB 0 14.955991147849025 18.74124157964895 6.8932289503733735 9.977874891918505 10.911141634355445 0 0.17009666446447927 0 0 0.02473688675798382 0 0.00780942033637425 0.2409112999223781 0 0 0 0 0 0 0 0 0 0 0 0 0 0.008692377032166874 0 0 0 0 0 0 0 0 0.012876730089890973 0 0 0 0 0 0 0 0 0 0 0 0 0 0 0 0 0 0 0 0 0 0 0 0 0 0 0 0 0 0 0 0 0 0 0 0 0 0 0 0 0 0 0 0 0 0 0 0 0 0 0 0 0 0 0 0 0 0 0 0 0 0 0 
THR 161 0 MEMB 0 0.8572731168937829 3.467062186341924 2.492973946823888 0 0 0 0 0 0 0 0 0 0 0 0 0 0 0 0 0 0 0 0 0 0 0 0 0 0 0 0 0 0 0 0 0 0 0 0 0 0 0 0 0 0 0 0 0 0 0 0 0 0 0 0 0 0 0 0 0 0 0 0 0 0 0 0 0 0 0 0 0 0 0 0 0 0 0 0 0 0 0 0 0 0 0 0 0 0 0 0 0 0 0 0 0 0 0 0 
GLY 11 0 MEMB 0 0 0 0 3.4089789205206396 0 0 0 1.139673627795507 0 3.4463545759776735 4.796817508977369 5.60909581855968 7.407367590054115 3.0381982747175753 0 2.2104251966708044 2.199299426066611 5.296172398699275 3.2622764464857505 8.825026272961912 7.811226614090697 3.451959134968865 4.684675438965218 3.1795416681400686 0.7634458150494386 10.018851111895586 10.955440634918752 7.967793848860508 2.2578085884668333 5.045168037370345 4.089129838387274 0 2.295673677397532 1.4975491859016805 1.0060040061865496 0.7695350266066002 0.7912716511100375 5.520981548090353 10.92313681922074 5.27039295148816 4.7433045145386945 1.1737073861437086 2.8243816893263056 0.12946641040979584 6.0697936280865905 0.639392822101304 0.7115894789466257 1.192727298865048 9.570404070233323 2.6189098840228184 5.642395411621469 0.6021641954603368 3.006827253199002 4.221569137814861 1.67342504266053 4.804879911573674 4.356037360484095 2.0017719831362015 1.2880447271040425 0.6026570880062976 0.4477023282949162 1.5098915988128714 1.0032093994780258 2.4514490334774157 7.007227919730857 2.228757624768657 0.10566074738644583 2.1430339376820258 0.49766324375156706 2.700372442612097 1.751037871674926 6.346860721066286 3.9800566758114826 5.11508267962273 6.674254033622774 7.054429118716365 1.698404827488905 1.3025750773908458 0 0.8487760147291576 2.195670026578471 4.809147132880403 0.05686239252591792 0.3157276827937718 0 0.31261152489642746 0.14053474884315556 3.0088929283383212 0.08871437250677044 1.3511434079891123 1.7548600683755569 2.244617430331407 0 0.11300595975730468 0.03794375976289277 0 0 0 0 
THR 64 0 MEMB 0 0 0 0 0 0 1.356138511587337 0 0 0 0 0.19979904062086284 0 0 0.5718295003179751 0 1.433912159598444 0.3897265579996922 1.1561149978993097 0.026664075158421494 0.9751993083629903 1.8793399212532094 0.4153155303734684 0.19417956895308042 1.6338168550341412 0 0 0 0 0 0 0 0 0 0.01715375799052362 0.010779440904952121 0 0 0 0 0 0 0 0 0 0 0 0 0 0 0 0 0 0 0 0 0 0 0 0 0 0 0 0 0 0 0 0 0 0 0 0 0 0 0 0 0 0 0 0 0 0 0 0 0 0 0 0 0 0 0 0 0 0 0 0 0 0 0 0 
TYR 81 0 MEMB 0 0 0 0 0 0 0 0 0 0 0 0 0 0 0 0 1.7044218874681585 0 0 0 0 0 0 0 0 0 0 0 0 0 0 0 0 0 0 0 0 0 0 0 0 0 0 0 0 0 0 0 0 0 0 0 0 0 0 0 0 0 0 0 0 0 0 0 0 0 0 0 0 0 0 0 0 0 0 0 0 0 0 0 0 0 0 0 0 0 0 0 0 0 0 0 0 0 0 0 0 0 0 0 
ASN 7 0 MEMB 0 0.36279314585199196 0 0 4.777954733964183 0.8288002387729706 1.0305246220849256 2.22189370445044 0 12.7721418156198 13.293798985938652 9.001491950555712 10.690539133243934 2.4557061374011293 7.944263205095839 1.5460277801936764 4.317563711897156 10.10708288996346 8.86734627529093 8.635678017054403 4.205681843514285 8.865897536190749 0 4.840217512837036 2.478995430507236 1.057466591902623 3.2904106410999336 4.265639914572724 6.6362967293057835 5.758123112525359 3.3078504899300163 11.076711526670234 12.754125722946503 1.7998633349117503 1.8170385482734857 2.6474617480683005 4.807806091975286 1.6388570841280823 5.81104581435549 10.419540500483576 4.232071333306699 9.387870595958208 5.468377632278886 9.052072171477802 3.20588360816858 2.762838679700722 5.151818852587119 1.6421442870641956 3.1585898505874983 7.458207066120716 11.635244343590353 5.587743160141141 4.164953987130555 6.946209761229126 5.702578741068768 5.7406291466396135 8.246429216424687 2.12953507183136 2.7647501128353644 0.18814566862753357 0.32211421553528075 0.008729805851819584 2.5833842739158364 1.8143519963996684 3.423403199802449 5.32215344088458 3.5742827306094 9.199979975976602 14.802088951881789 6.321947685996769 3.251820947098168 13.05663960436457 16.75630821810695 11.037630381778534 6.137047936554803 7.16053023937226 1.6112419068171233 2.7930059403596523 2.5987267325292764 6.043576326486943 7.2653833816466635 6.5827935093202345 2.7359482074258796 1.4800500461859833 2.323398070724541 2.109907191623731 0.12684552553500444 0 0 0 1.358664639968465 0 0.0720969876630044 0 0.024020955891354678 0.016533991070377625 0.12281690659054445 0 1.5233603833234421 0.3779027980697386 
LYS 181 0 MEMB 0 0 0 0 0 0 0 0 0 0 0 0 0 0 0 0 0 0 0 0 0 0 0 0 0 0 0 0 0 0 0 0 0 0 0 0 0.8844424568860911 6.153849805258757 17.075860258379958 12.652431482713553 4.551523988754556 6.9718319770123145 5.727838982708892 8.6024723481949 12.18505684025816 0.3824850959086061 1.0506224470498329 0.5543291871515167 0 0 0.0397430363549209 0 0 0.7455455287870443 0 0 0 5.5535825606602005 0 0.387361315537848 0.857933052047762 0 1.5449688934388726 4.811797485779494 3.4428588711472567 2.8243411559634057 0 0.15367210955231916 0 0 5.9086391941915615 3.7187985095123133 0 0 0 0 3.791836370249584 0.7587882316404939 0.6886777624394754 7.140261914056616 12.121101522459014 0.5553038118178732 1.832799077667393 0.11586453029645247 0 3.6302466697715188 0 5.234900242963033 7.615700000627654 0 0 0.7494260797442948 0.1650680540895582 0.9190072224315183 1.0577181486965208 0.46272547801425334 2.6559648370340225 1.7984111325776804 0.16676544436139887 0 
ASN 179 0 MEMB 0 0 0 0 0 0 0 0 0 0 0 0 0 0 0 0 0 0 0 0 0 0 0 0 0 0 0 0 0 0 0 1.3707987352220892 0.10321590534005935 0 0 0 0 0 0 0 0 0 0 0 0 0 0 0 0 0 0 0 0 3.970980287630246 0 0 0 0 0 0 0 0 0 0 0 0 0 1.4880022660394117 0 0 0.027818761553223673 0.20552680946113264 0 0 3.006160271143156 0 0.1464504671010345 0.8064500692915239 0.1005643623078929 0 0 4.402665629709837 0.07561091340748916 8.551904581044921 1.3829843566621913 3.1394364303797184 0 0.13440141547947748 0 0 1.2877107710783584 0 0 0 0 0 0 0 0 0 
TYR 167 0 MEMB 0 0 0 0 0 0 0 0 0 0 0 0 0 0 0 0 0 0 0 0 0 0 0 0 0 0 0 0 0 0 0 0 0 0 0 0 0 0 0.5454669962573357 0.762565248936477 0 0 1.2699524352580274 0 0 1.0824086103380448 0 0 0 0 0 6.680004989045866 0 6.828448297568159 0.017077759996532188 2.187881388591306 0 2.0384274482237537 2.773378647923075 4.78910934811735 0 2.6680831568445065 0 9.210731025862758 3.212226264427061 0 0 0 0 0 4.165996195750734 0.02668580950929566 0 0 0 0 0 0 0 5.903940592938348 0 0 0 0.01592710092416029 0 11.104587419343462 0 1.4103768440947198 0 0 0 10.644384911055706 0 0 0 0 0.35767913468222257 0 0.4696184200955161 0.9669373129938869 
