1094.8147583007813
1246.1333618164063
1091.422119140625
1136.4891357421875
1176.6721801757813
1134.361328125
1102.2265625
1109.3887939453125
1199.0958251953125
1079.930908203125
1196.1294555664063
1208.4952392578125
1087.91552734375
1124.0286254882813
1074.1983642578125
1273.6688842773438
1131.3848266601563
1132.9004516601563
1232.0523071289063
1181.3245239257813
1142.6549072265625
1161.9995727539063
1184.2947998046875
1228.5938720703125
1196.1265869140625
1200.46484375
1154.8744506835938
1218.10595703125
1100.197998046875
1143.8241577148438
1078.6243286132813
1144.351806640625
1130.1865844726563
1326.9937133789063
1249.1375732421875
1321.6983642578125
1299.0758056640625
1170.926513671875
1158.2735595703125
1186.7931518554688
1082.5225830078125
1154.52783203125
1186.8909912109375
1154.7388916015625
1166.0584106445313
1208.9097900390625
1144.142578125
1288.287109375
1104.4203491210938
1201.9459838867188
